MFCCS : 
[[-3.8014810e+02 -3.8639435e+02 -3.9705219e+02 ... -3.9562213e+02
  -3.4911557e+02 -3.0580249e+02]
 [ 1.0580890e+02  1.1978691e+02  1.2851683e+02 ...  1.2555507e+02
   8.8701706e+01  6.4462372e+01]
 [ 5.7860760e+01  4.7010704e+01  4.1027473e+01 ...  4.2433434e+01
   5.3969048e+01  5.0576141e+01]
 ...
 [-3.5003247e+00 -1.4081001e-02 -9.1339350e-03 ... -3.2201674e+00
  -4.2598300e+00 -4.6788020e+00]
 [-2.8902173e+00 -3.2365015e+00 -5.6069598e+00 ... -6.7892709e+00
  -5.3266792e+00 -7.2887497e+00]
 [-3.6035218e+00 -5.9254503e+00 -6.4240079e+00 ... -9.7194535e-01
  -5.9728575e-01 -1.1318383e+00]]
 MFCCS_htk : 
[[-3.67970947e+02 -3.89479736e+02 -3.88891846e+02 -3.84317413e+02
  -3.88063293e+02 -3.50584808e+02 -2.67164062e+02 -1.81819656e+02
  -1.48178467e+02 -1.44195511e+02 -1.54473465e+02 -1.50720886e+02
  -1.82007278e+02 -2.48586395e+02 -3.56893372e+02 -2.42987488e+02
  -1.99453506e+02 -2.75615570e+02 -3.72986908e+02 -3.87907654e+02
  -3.93622192e+02 -3.38580109e+02]
 [ 1.23252754e+02  1.43125565e+02  1.41530350e+02  1.35385529e+02
   1.40069626e+02  1.10323227e+02  7.53871155e+01  9.77652512e+01
   1.01477943e+02  9.82473602e+01  1.02417801e+02  1.09287613e+02
   1.14951721e+02  8.56317902e+01  1.22170593e+02  4.80894585e+01
   5.46188087e+01  9.41193542e+01  1.29878525e+02  1.36755280e+02
   1.40890503e+02  1.03779678e+02]
 [ 6.82780762e+01  4.72275848e+01  4.99500961e+01  5.12977753e+01
   4.65081100e+01  3.79549332e+01  1.18086891e+01 -4.80882607e+01
  -6.91129303e+01 -7.52235107e+01 -6.77086182e+01 -7.16312408e+01
  -5.65791969e+01 -1.17697926e+01  2.69698906e+01 -9.54782486e+00
  -4.54201050e+01 -1.84520760e+01  4.23894997e+01  4.66080322e+01
   5.10622482e+01  6.16300659e+01]
 [ 4.74464798e+01  5.62267456e+01  5.88084030e+01  6.33579483e+01
   5.90278702e+01  8.19349365e+01  1.27037254e+02  1.32891083e+02
   1.22848831e+02  1.15678429e+02  1.09333054e+02  1.04116943e+02
   1.04776047e+02  1.30554840e+02  8.40482330e+01  1.41916412e+02
   1.32521637e+02  9.99824982e+01  7.23874969e+01  6.53961258e+01
   6.04547005e+01  5.20761528e+01]
 [ 2.89115982e+01  1.18055897e+01  9.26267815e+00  3.49622726e+00
   9.67946529e+00 -1.15436249e+01 -4.03793335e+01 -3.24666405e+01
  -3.37913895e+01 -3.02219505e+01 -2.96676331e+01 -2.58281975e+01
  -2.11218910e+01 -2.29509926e+01  2.43807316e+00 -4.52531509e+01
  -3.61429291e+01 -4.73231316e+00  1.74042284e-01  9.34594345e+00
   1.13175697e+01  1.64248657e+01]
 [ 1.13996992e+01  1.27748222e+01  1.16938429e+01  1.50466881e+01
   1.36317253e+01  2.67328720e+01  3.58693848e+01 -4.87305164e+00
  -8.35479498e-01  9.28899765e+00  1.23944998e+01  7.52573442e+00
   2.13040543e+00  3.52967334e+00  1.03990135e+01  3.89767952e+01
   3.61813812e+01  2.24435635e+01  1.25395164e+01  9.98389530e+00
   1.00379429e+01  1.86561279e+01]
 [ 1.64533634e+01  1.20085526e+01  1.03753023e+01  9.29830647e+00
   1.35867138e+01  7.87641621e+00  1.05812681e+00 -9.49260712e+00
  -1.93642044e+01 -1.84525433e+01 -1.82008953e+01 -2.35665016e+01
  -1.76349316e+01 -1.36425076e+01  1.67815018e+01  1.71086490e+00
  -7.17682171e+00 -1.07209706e+00  1.55044289e+01  1.30188103e+01
   1.04944706e+01  8.76657581e+00]
 [ 8.37675095e+00  8.35297298e+00  9.39015770e+00  1.08061781e+01
   5.79432678e+00  5.25501347e+00 -4.86898518e+00  1.53216934e+00
   4.94792271e+00  9.60114479e+00  1.13428860e+01  1.26928635e+01
   1.19128685e+01  1.86353188e+01  3.29411554e+00  5.40436745e+00
   1.39525290e+01  1.93175659e+01  5.17727041e+00  5.32932472e+00
   7.95167685e+00  1.49532032e+01]
 [ 9.03060341e+00  1.20567150e+01  1.17411728e+01  1.38850937e+01
   9.43630791e+00  9.25638580e+00  5.18000937e+00  3.64253378e+00
   1.81611710e+01  1.74813061e+01  1.86923180e+01  2.01750088e+01
   2.00369987e+01  1.19624262e+01  8.71714401e+00  8.60941887e+00
   9.89502335e+00  1.50685282e+01  9.07766247e+00  9.86021328e+00
   1.13314953e+01  6.34450912e+00]
 [ 7.93442917e+00  3.93513036e+00  4.00732422e+00  1.85318112e+00
   6.81682014e+00  4.77695799e+00 -2.03066158e+00 -8.12883472e+00
   9.94770527e-02  2.88670683e+00 -8.56342137e-01  9.14876223e-01
  -8.02442837e+00 -1.45907907e+01 -6.01545036e-01  3.48324823e+00
   4.81899357e+00 -3.57263637e+00  3.41719103e+00  5.98402023e+00
   3.95237875e+00  9.54228115e+00]
 [ 1.40306842e+00  5.87766171e+00  7.99684954e+00  1.15193748e+01
   1.19634171e+01  1.63558865e+01  1.40164471e+01  1.49310884e+01
   1.31406307e+01  1.44184418e+01  1.43841219e+01  1.56946068e+01
   1.48708735e+01  2.01909809e+01  1.54962673e+01  2.11440048e+01
   2.38598175e+01  1.15265007e+01  9.26693726e+00  9.17845345e+00
   9.80933762e+00  8.30582905e+00]
 [ 1.13220539e+01  4.61813927e+00  1.78023624e+00  2.65679455e+00
   4.20631504e+00  1.26651299e+00 -5.33258104e+00  1.20040531e+01
   1.36397419e+01  5.75933170e+00  8.44268608e+00  5.77052355e+00
   1.09998360e+01  5.86064816e+00  1.29810553e+01 -3.98161221e+00
  -7.40461063e+00 -3.69719577e+00  3.83763576e+00  4.60956955e+00
   7.26716232e+00  6.73673248e+00]
 [ 1.89082742e+00  6.42668962e+00  6.76423740e+00  3.90725708e+00
   2.66037440e+00  6.35778141e+00  1.20808754e+01  1.03293486e+01
   9.29647827e+00  6.57516575e+00  2.07634878e+00  1.97660565e-01
  -9.94250774e-01  8.01095581e+00  2.04631090e-02  1.91825066e+01
   1.70460072e+01  1.29198856e+01  7.07922173e+00  6.62974453e+00
   3.97095942e+00  6.69344044e+00]
 [ 1.21689510e+01  3.59446907e+00  8.33618069e+00  6.64680719e+00
   2.00457048e+00 -2.42455244e+00 -2.08098745e+00 -7.60544777e-01
  -4.95638657e+00 -5.80930996e+00 -9.96286583e+00 -7.25574207e+00
  -2.21999693e+00 -7.76683331e-01 -1.10432100e+00 -3.24022084e-01
  -6.95491219e+00  6.20122492e-01  8.20260620e+00  5.33840179e+00
   3.01709104e+00  5.02984190e+00]
 [ 8.60193253e+00  2.86476421e+00  3.78424597e+00  2.05142522e+00
   4.42507744e+00  1.01238041e+01  1.05967712e+01  1.38118954e+01
   1.94703445e+01  1.44623251e+01  1.36781569e+01  1.55589132e+01
   1.70763550e+01  1.81621552e+01  8.74322987e+00  4.13719416e+00
   8.16310787e+00  7.67968082e+00  4.02825356e+00  3.77475500e+00
   5.40970516e+00  9.21494484e+00]
 [ 2.60539055e+00  7.89160848e-01  5.93743324e-01 -9.32871222e-01
   3.43584824e+00  3.52282667e+00  1.84891224e-02 -6.88405657e+00
  -1.50110474e+01 -1.92929993e+01 -2.01484375e+01 -1.68647366e+01
  -1.32731819e+01  5.64552128e-01  6.37420368e+00 -6.53439379e+00
  -8.54222488e+00 -4.87876701e+00 -4.31023216e+00  3.21330607e-01
   2.85370398e+00  1.51013756e+00]
 [ 3.93826318e+00  6.23057961e-01  2.96541214e-01  3.79337132e-01
  -5.11019349e-01  1.75154567e+00  5.14475346e+00 -5.80072403e-04
  -2.85483241e+00  2.47035980e+00  5.20884609e+00  8.73791313e+00
   6.61201537e-01 -6.73884296e+00 -3.08817458e+00  8.62062263e+00
   9.65513039e+00  4.89973831e+00  2.89593220e+00 -2.27952290e+00
  -1.03732347e-02  3.13369751e+00]
 [ 8.25966835e-01  4.34286308e+00  2.40114880e+00  1.77677631e+00
   3.23463821e+00  4.47128487e+00  8.65263939e-01 -5.03793478e+00
  -7.17902660e+00  8.17017317e-01  6.03575993e+00  4.75244617e+00
   5.58621883e-02 -2.74976444e+00  2.60951817e-01  1.93920004e+00
   8.90875435e+00  1.09669657e+01  7.13020611e+00  5.97579956e+00
   3.54611945e+00  3.83149171e+00]
 [ 1.88468194e+00  1.34586835e+00  3.73213744e+00  6.98639059e+00
   1.37077045e+00  1.01990116e+00  2.69533205e+00  5.48012495e+00
  -7.54161596e+00 -3.55393362e+00 -2.94305682e+00 -2.94353414e+00
  -4.49614882e-01 -7.97559381e-01  6.12099171e+00  5.31627035e+00
  -1.01118445e+00 -5.54119825e+00  1.55158079e+00  7.47589397e+00
   3.66495705e+00  3.94364762e+00]
 [-7.95823336e-03  4.70450163e+00  4.15741634e+00  4.66474724e+00
   5.18290329e+00  7.28418684e+00  1.87126904e+01  9.98746681e+00
   1.10720348e+01  9.57954979e+00  7.94484329e+00  7.80619669e+00
   6.44605637e+00  8.84575939e+00  8.00814724e+00  1.24423046e+01
   1.35587101e+01  9.40807724e+00  6.37986279e+00  5.77183723e+00
   4.33774233e+00  2.76005602e+00]]
 Number of windows mfccs :40
 Number of windows mfccs_htk :20
 Length of each feature mfccs :44
 Length of each feature mfccs_htk :22