MFCCS : 
[[-3.7733322e+02 -3.9151291e+02 -4.0815494e+02 ... -4.0243567e+02
  -3.5820279e+02 -3.2174301e+02]
 [ 1.1140428e+02  1.2339053e+02  1.3644180e+02 ...  1.3670190e+02
   9.5575569e+01  6.6353851e+01]
 [ 6.3441437e+01  5.0974564e+01  3.7965408e+01 ...  3.4227753e+01
   5.5335777e+01  5.1852470e+01]
 ...
 [-8.4465733e+00 -5.6053710e+00 -1.9293537e+00 ... -3.1211715e+00
  -4.1538811e+00 -4.5213633e+00]
 [-6.9494295e+00 -6.6621876e+00 -5.7686391e+00 ... -8.3488617e+00
  -3.0570934e+00 -1.5988710e+00]
 [-6.3371271e-02 -7.1391106e-01 -2.3194203e+00 ...  1.8660375e+00
  -1.4587584e+00 -1.7084320e+00]]
 MFCCS_htk : 
[[-3.64901703e+02 -3.99917511e+02 -3.90763245e+02 -3.95881561e+02
  -3.84470306e+02 -3.16418274e+02 -2.82715271e+02 -2.23522049e+02
  -1.83300690e+02 -1.69342087e+02 -1.85129608e+02 -1.86806702e+02
  -2.17676865e+02 -2.45228485e+02 -3.15386871e+02 -3.04848572e+02
  -2.24414856e+02 -2.28085526e+02 -3.41454224e+02 -3.87059174e+02
  -3.95415710e+02 -3.48000885e+02]
 [ 1.28660873e+02  1.51270142e+02  1.46731354e+02  1.50167038e+02
   1.41498718e+02  9.91640778e+01  1.16976212e+02  9.81365967e+01
   1.10100037e+02  1.12313354e+02  1.17142059e+02  1.17975143e+02
   1.22177658e+02  1.09355865e+02  9.11043320e+01  8.45080338e+01
   5.45161362e+01  7.65785522e+01  1.24755386e+02  1.46564713e+02
   1.49935699e+02  1.10182426e+02]
 [ 7.13088379e+01  4.39405174e+01  4.55789642e+01  4.08496399e+01
   3.94525490e+01  3.27809095e+00  1.50853033e+01 -2.19259949e+01
  -5.11773605e+01 -6.81813126e+01 -6.20896530e+01 -6.43067474e+01
  -4.26432495e+01 -2.70348434e+01  1.72111931e+01  7.28721142e+00
  -3.34984970e+01 -4.03782883e+01  5.94073963e+00  3.59259491e+01
   4.07404938e+01  6.19838333e+01]
 [ 5.44318466e+01  6.64590836e+01  6.47264557e+01  6.69064102e+01
   7.51103516e+01  1.18229324e+02  1.27387794e+02  1.50005402e+02
   1.39329498e+02  1.20886322e+02  1.08758125e+02  1.07285217e+02
   1.06160515e+02  1.24573059e+02  1.25445190e+02  1.33965881e+02
   1.48716095e+02  1.31983932e+02  9.94010468e+01  7.59168396e+01
   6.90090027e+01  5.09456406e+01]
 [ 1.33365669e+01  4.55722284e+00 -2.74947882e+00  2.77086830e+00
  -2.78593946e+00 -1.55773659e+01 -4.32624207e+01 -4.68771553e+01
  -4.45053177e+01 -3.86469650e+01 -3.54738617e+01 -3.08106155e+01
  -2.85150566e+01 -2.23530502e+01 -3.16999931e+01 -3.78576889e+01
  -5.09530869e+01 -3.64660606e+01 -4.42560387e+00 -5.49754143e-01
   5.17072201e+00  1.23657398e+01]
 [ 1.35522385e+01  1.52900009e+01  2.24639912e+01  1.68724728e+01
   1.83004990e+01  2.06921577e+01  3.48390150e+00 -2.60609388e+00
  -5.16863918e+00  9.05326271e+00  1.66432781e+01  2.03913517e+01
   1.62663383e+01  1.25652618e+01  2.23237686e+01  2.53733997e+01
   4.67249527e+01  3.57841949e+01  1.28536720e+01  1.48863888e+01
   1.67852135e+01  1.83596535e+01]
 [ 1.80566158e+01  6.85003948e+00  3.74899149e+00  8.20434380e+00
   4.30009079e+00  5.42778301e+00 -5.85700607e+00 -1.26154528e+01
  -2.30748329e+01 -2.20680733e+01 -2.36028442e+01 -2.46498299e+01
  -2.70566254e+01 -2.01978245e+01  2.52548409e+00  1.09479647e+01
  -2.78905559e+00 -7.66139460e+00  2.50330615e+00  1.54179096e+01
   5.86263847e+00  8.29533958e+00]
 [ 7.98230600e+00  9.79218483e+00  1.32744436e+01  8.71810532e+00
   1.27754955e+01  1.31874380e+01  4.39774418e+00  1.27242451e+01
   2.05011253e+01  2.40256882e+01  1.97951298e+01  1.70835953e+01
   1.82599564e+01  2.06256771e+01  2.44232540e+01  1.13116961e+01
   1.22593746e+01  1.93962135e+01  7.36337423e+00  6.81903267e+00
   6.95505857e+00  1.35005360e+01]
 [ 1.10380802e+01  1.04662600e+01  9.92270851e+00  1.23117142e+01
   1.29261513e+01  1.16195917e+00 -3.74941564e+00  8.66041780e-02
   1.21224022e+01  1.65057945e+01  1.76527557e+01  2.39355659e+01
   2.52122192e+01  1.68807964e+01  5.37041187e+00  9.65587425e+00
   5.50591469e+00  1.02990513e+01  1.84017410e+01  7.50571251e+00
   1.37862234e+01  6.34818554e+00]
 [ 4.95527363e+00  4.72233057e+00  2.77906847e+00  2.30447626e+00
  -3.90218306e+00  8.98429489e+00 -1.23515530e+01 -1.33741131e+01
  -1.65882874e+01 -8.99879169e+00 -7.82710361e+00 -4.47938156e+00
  -1.36505299e+01 -1.81990833e+01 -7.04413700e+00  2.64920974e+00
   3.51988435e-01 -1.43336606e+00  1.66199279e+00  3.12267780e+00
   3.72132230e+00  7.40524483e+00]
 [ 2.69935322e+00  1.19162045e+01  1.07397900e+01  9.97482491e+00
   1.21696701e+01  9.71266174e+00  1.64191551e+01  2.11839523e+01
   2.45270920e+01  1.80861893e+01  2.42679558e+01  1.61822662e+01
   1.71921005e+01  1.88123245e+01  2.20597210e+01  1.51035652e+01
   2.56619835e+01  2.71426353e+01  1.51596642e+01  1.40408325e+01
   9.98539162e+00  5.02019072e+00]
 [ 5.25084114e+00  6.48385882e-01  5.21280706e-01  3.22922039e+00
   6.65594482e+00 -4.33399200e+00  4.92802525e+00  4.31169701e+00
   3.10093641e+00 -4.11364937e+00 -5.28775215e+00 -1.42361927e+01
   1.76832724e+00  3.63704681e+00 -3.44394350e+00 -7.24888325e+00
  -8.29327583e+00 -6.93276310e+00 -1.12963176e+00  2.20132446e+00
   5.54947186e+00  6.43485260e+00]
 [-3.26146507e+00  6.13142347e+00  1.10443068e+01  7.61615658e+00
   4.94254112e+00  2.60248985e+01  1.91787949e+01  1.90080414e+01
   2.02499390e+01  1.76668320e+01  1.01348362e+01  1.28809891e+01
   1.09161510e+01  6.62083054e+00  1.04302549e+01  1.41561909e+01
   1.43980465e+01  1.19029350e+01  4.98201466e+00  4.15413046e+00
   4.89237881e+00  6.44839764e+00]
 [ 3.50191808e+00  3.80673838e+00  4.84305322e-02  4.93083382e+00
   3.51115108e+00 -1.21042976e+01 -4.62468052e+00 -5.86507702e+00
  -9.34644890e+00 -1.41518059e+01 -1.01464729e+01 -4.73709440e+00
  -7.50971317e+00 -9.19509888e+00  1.35424316e+00  1.70036983e+00
  -2.90047455e+00 -4.06665474e-01  7.09035110e+00  4.35995436e+00
   1.26591921e-01 -1.11725628e+00]
 [ 3.28204584e+00  7.44233131e+00  9.60771084e+00  5.67077065e+00
   1.10645123e+01  8.38684273e+00  1.46144934e+01  1.12551632e+01
   5.57214642e+00  5.06784248e+00  7.26476002e+00  5.57675076e+00
   9.81941605e+00  1.37311096e+01  1.07520657e+01  7.59082794e+00
   1.18999996e+01  1.40833855e+01  7.15524292e+00  5.89503002e+00
   7.37112427e+00  4.18482780e+00]
 [ 2.72211838e+00 -7.42905557e-01  3.04667354e-02  9.22439933e-01
  -3.89013314e+00  4.19227839e+00  9.31646729e+00  5.56848621e+00
   6.23705149e+00 -7.38563836e-02 -1.29090977e+00  2.35446501e+00
  -1.29636884e+00  2.89893723e+00 -4.73870134e+00 -1.86107075e+00
  -8.10526276e+00 -6.98060131e+00 -1.52757800e+00 -1.42051291e+00
  -6.43151283e-01 -1.42863441e+00]
 [-5.65674496e+00 -1.73329723e+00  1.22388005e-01  1.62085271e+00
  -9.65428412e-01  5.35457230e+00 -8.03258896e+00 -1.42238178e+01
  -6.56478882e+00  2.07582951e+00  3.49768698e-01  2.05547869e-01
  -7.27074146e-01 -4.97335720e+00  3.69903517e+00  6.56026649e+00
   1.09906054e+01  5.80392170e+00  2.08196783e+00 -1.68009102e+00
   5.81282139e-01  7.62637854e-01]
 [ 1.74471915e-01  5.31201363e+00  3.89064503e+00  5.23960447e+00
   6.25202751e+00  2.23150682e+00  7.55088854e+00 -3.69893527e+00
  -1.61370981e+00  5.75500202e+00  9.34938908e+00  9.38696098e+00
   1.22260628e+01  2.08077669e+00  3.66828203e+00  2.09874940e+00
   2.69618654e+00  3.58024287e+00  1.01475849e+01  5.27044678e+00
   5.05337143e+00  4.48451185e+00]
 [ 2.67196465e+00  3.85205436e+00 -4.26736116e-01  3.16539788e+00
   4.46754742e+00 -2.19930959e+00  8.27307892e+00  1.03127050e+01
  -8.27857590e+00 -1.21676502e+01 -7.90967798e+00 -4.50017595e+00
  -5.35408735e+00 -4.72189426e+00 -8.05378914e-01 -5.41662335e-01
   3.09156895e-01 -2.74202871e+00  2.80066109e+00  3.20402646e+00
   1.38196516e+00  1.90732253e+00]
 [-3.67708087e-01  7.06740999e+00  1.03496170e+01  2.79591823e+00
   4.97122860e+00  1.49057102e+01 -3.01057792e+00  6.41788244e-02
   3.39253640e+00  4.11813736e+00  4.88887024e+00  1.01153398e+00
   1.89815760e-01  4.20899200e+00  8.79423904e+00  1.20778532e+01
   1.11969700e+01  1.34715042e+01  3.70264482e+00  5.34496498e+00
   7.70643997e+00  1.39994335e+00]]
 Number of windows mfccs :40
 Number of windows mfccs_htk :20
 Length of each feature mfccs :44
 Length of each feature mfccs_htk :22