MFCCS : 
[[-3.76362671e+02 -3.73544250e+02 -3.73601929e+02 ... -3.50712677e+02
  -3.62519287e+02 -3.71986450e+02]
 [ 1.11499176e+02  1.11007301e+02  1.09067513e+02 ...  1.16113373e+02
   1.13890121e+02  1.06005959e+02]
 [ 1.26304588e+01  1.08648205e+01  9.49498844e+00 ... -4.64629936e+00
   2.13085413e+00  7.83243942e+00]
 ...
 [-1.24493527e+00 -1.20551658e+00 -1.77440023e+00 ... -3.13194346e+00
  -5.05162525e+00 -5.10910940e+00]
 [-6.92505240e-01 -1.74169278e+00 -3.28005123e+00 ... -3.89658362e-01
  -1.27414227e+00 -6.50860786e-01]
 [ 8.35052669e-01 -1.40276194e+00 -2.68949556e+00 ... -3.02344704e+00
   3.57751727e-01 -8.04269135e-01]]
 MFCCS_htk : 
[[-3.64661133e+02 -3.67062469e+02 -3.67564331e+02 -3.14413025e+02
  -2.09739380e+02 -1.19742065e+02 -8.95868759e+01 -1.35353409e+02
  -1.89408005e+02 -2.68852264e+02 -3.01625092e+02 -2.65951050e+02
  -1.67425461e+02 -1.86997543e+02 -1.92275345e+02 -1.87517380e+02
  -2.18953339e+02 -2.37060303e+02 -2.62324219e+02 -2.87630127e+02
  -3.31388245e+02 -3.55134247e+02]
 [ 1.33066849e+02  1.24772598e+02  1.23869629e+02  1.09376205e+02
   9.96981659e+01  1.71515350e+02  1.41829529e+02  1.28616486e+02
   1.28923996e+02  1.37119324e+02  1.36342041e+02  9.99046936e+01
   8.77738953e+01  1.29630310e+02  1.47757690e+02  1.55830170e+02
   1.57029297e+02  1.50904663e+02  1.37440308e+02  1.18874954e+02
   1.25208664e+02  1.31848526e+02]
 [ 2.18358955e+01  1.24786119e+01  1.57277460e+01 -7.32548952e+00
  -6.76926346e+01 -9.81229477e+01 -1.23571838e+02 -1.06073059e+02
  -6.79616318e+01 -2.81994209e+01 -8.85422134e+00 -1.69943008e+01
  -5.16971741e+01 -6.81715393e+01 -6.53906097e+01 -6.88824005e+01
  -5.41346893e+01 -4.75545578e+01 -3.82116928e+01 -3.11129112e+01
  -1.30579433e+01  9.96405125e+00]
 [ 8.32381363e+01  8.11136475e+01  8.25488281e+01  7.81255951e+01
   8.28971710e+01  2.81867294e+01  4.01418610e+01  6.53314514e+01
   7.58735809e+01  8.07896881e+01  8.34163132e+01  1.07505402e+02
   1.11020721e+02  6.87878723e+01  4.58179703e+01  3.99398117e+01
   3.59284897e+01  4.43945541e+01  5.19559860e+01  6.15368958e+01
   6.81447067e+01  7.93145599e+01]
 [ 1.26152477e+01  6.25532913e+00  6.14946604e+00 -3.42811966e+00
  -1.91501122e+01 -3.96310463e+01 -3.38019867e+01 -2.26800747e+01
  -2.21846008e+01  7.60183036e-01  3.64093685e+00 -1.39846077e+01
  -5.02284927e+01 -2.82495098e+01 -3.42992706e+01 -4.01847076e+01
  -3.50082016e+01 -2.70514374e+01 -2.30848751e+01 -2.05985317e+01
  -2.56311226e+00  6.75299072e+00]
 [ 1.79082222e+01  8.12156010e+00  1.09508400e+01  3.67782440e+01
   4.38637543e+01  3.79549255e+01  5.85684509e+01  4.10451508e+01
   2.60601139e+01  1.06701660e+01  7.04029846e+00  1.87889042e+01
   3.07942715e+01  2.30299511e+01  2.66378708e+01  2.43377094e+01
   2.90066605e+01  3.11342697e+01  3.80140228e+01  4.20071945e+01
   2.82379169e+01  1.80069084e+01]
 [ 1.97490978e+01  1.86229324e+01  1.59692383e+01 -3.05390787e+00
  -9.52321625e+00 -9.09905815e+00 -2.04668465e+01 -1.52899704e+01
  -1.37572231e+01 -1.17054100e+01 -6.98131132e+00 -1.70893326e+01
  -2.79466858e+01 -1.35051289e+01  1.73330164e+00  1.06626701e+01
   1.59446363e+01  1.63427048e+01  2.12637157e+01  2.41689644e+01
   2.86973991e+01  2.72125092e+01]
 [ 1.04757309e+01  8.34258842e+00  5.15767479e+00  1.74183941e+00
   8.90498924e+00  2.81628799e+00  1.15064087e+01  9.21014190e-01
   2.95367146e+00 -3.00151277e+00  3.80786157e+00  1.65211582e+01
   1.88906250e+01  1.04349518e+01  1.81579781e+01  1.77286682e+01
   1.73900757e+01  1.62631969e+01  1.54193058e+01  1.22949829e+01
   4.41297770e+00  1.01005840e+01]
 [ 1.18236752e+01  4.51312447e+00  5.55579281e+00  1.00110188e+01
   1.78451920e+01  8.72954464e+00  1.54812489e+01  1.83571281e+01
   1.34784584e+01  8.82555771e+00  1.02117863e+01 -4.17070198e+00
  -2.26650214e+00  1.15434303e+01  9.82501030e+00  6.92244434e+00
   9.03381348e+00  7.08669472e+00  9.14530563e+00  7.96248674e+00
   2.21443489e-01  5.75040531e+00]
 [ 8.43642616e+00  5.29379559e+00  8.00433922e+00  1.26268520e+01
   6.23447323e+00 -1.24467820e-01  1.10675335e-01  8.47335720e+00
   3.13167906e+00 -2.60621190e-01 -5.46613884e+00 -5.55365467e+00
   6.81784689e-01  9.36014748e+00  3.14374757e+00 -3.86237502e-02
  -4.40754223e+00 -1.32158480e+01 -1.09599380e+01 -3.71191168e+00
  -2.09539700e+00  2.35379839e+00]
 [ 1.60162964e+01  1.48233805e+01  1.40859289e+01  1.55994768e+01
   1.07451544e+01  3.11845636e+00  1.72290306e+01  7.21161366e+00
   1.10198784e+01  8.07017231e+00  6.87760830e+00  2.65818710e+01
   2.99481449e+01  2.54690437e+01  2.20790520e+01  2.32071991e+01
   1.93727283e+01  1.83752537e+01  1.46825895e+01  2.27634773e+01
   2.04705505e+01  1.90538368e+01]
 [ 8.91011715e+00  5.43987751e+00 -1.24213934e-01 -7.01952744e+00
  -2.61113358e+00 -6.92978191e+00 -1.23272038e+01 -5.34375381e+00
  -5.80872917e+00  1.12817488e+01  1.18593674e+01 -9.01773834e+00
  -1.54203434e+01  5.76086342e-01 -2.65255952e+00 -1.31141162e+00
  -3.53885651e-01  1.14519525e+00 -3.61820316e+00 -2.59942412e+00
   6.27132130e+00  9.38508415e+00]
 [ 5.35475731e+00  5.84780502e+00  2.60027122e+00  1.78756485e+01
   2.07864685e+01  1.00167618e+01  1.01541157e+01  8.18551445e+00
   3.86736226e+00  5.47372627e+00  4.62022066e+00  2.12030964e+01
   2.94311314e+01 -4.16610765e+00 -9.76639366e+00 -7.43695831e+00
  -6.90505409e+00 -2.17705727e+00 -1.25156641e-01 -3.71673703e-03
   4.05772638e+00  6.86003590e+00]
 [ 2.38410085e-01  9.07279015e-01  3.48683691e+00  3.55927539e+00
  -1.66960728e+00 -4.80168676e+00  2.99496388e+00  3.54760265e+00
   4.01072168e+00 -2.50402260e+00 -5.15898466e-01 -3.02357554e+00
  -7.73125362e+00 -1.12676649e+01 -1.30976248e+01 -8.81925201e+00
  -9.73115921e+00 -4.73249340e+00 -2.82521152e+00  1.15245318e+00
   5.81367254e+00  6.19843292e+00]
 [ 9.56873322e+00  6.62348890e+00  9.68317604e+00  4.52429914e+00
   1.45286112e+01  2.42864418e+01  2.21949291e+01  1.52694321e+01
   1.03630142e+01  1.02588911e+01  1.30677891e+01  8.45993042e+00
   1.52653580e+01  2.05596275e+01  1.59658203e+01  1.26476078e+01
   9.85546970e+00  1.09540863e+01  1.10732975e+01  1.04473333e+01
   5.56027222e+00  5.83203030e+00]
 [ 3.22147942e+00  2.06901765e+00  2.61953187e+00 -8.61750484e-01
  -1.30617018e+01 -1.00415611e+01 -2.02701569e+01 -2.78915730e+01
  -1.84767303e+01 -8.94969940e+00 -4.30881691e+00  5.26501322e+00
  -1.12540627e+00 -4.74134302e+00  1.14973021e+00  4.72874546e+00
   9.99546528e+00  9.19765854e+00  2.89646435e+00  2.73823094e+00
   5.89065075e-01  1.28462517e+00]
 [ 1.07240665e+00  5.22789121e-01 -1.85787976e+00  1.03088248e+00
  -5.82118320e+00 -2.45347953e+00  3.14374208e-01  7.42657661e+00
   1.80576897e+01  1.09534473e+01  5.17682981e+00  1.96551228e+00
   1.17727071e-01  1.99300301e+00  6.98117638e+00  1.01717968e+01
   7.25777721e+00 -3.83204484e+00 -7.92912006e+00  3.49766350e+00
   1.87844658e+00 -1.99334168e+00]
 [ 5.36024189e+00  7.95549965e+00  2.79567122e+00  2.88618588e+00
   4.01867104e+00  1.01020794e+01  9.74295998e+00  3.29473686e+00
   4.23827076e+00 -1.54381990e-01 -8.33603501e-01  2.51838875e+00
   6.78013659e+00 -1.13653088e+00  1.46396279e-01 -2.18380237e+00
  -4.59634066e-01 -2.65384436e+00  2.79268098e+00  4.49740505e+00
   5.02494144e+00  3.75445700e+00]
 [-1.38378516e-03  2.17433143e+00  1.91995800e+00  6.62030649e+00
   2.78613567e+00  2.84375811e+00 -3.15255690e+00 -3.28672266e+00
  -1.04259357e+01 -9.30483627e+00 -7.73956394e+00 -9.97326660e+00
  -1.27082596e+01  7.13771057e+00  8.05562973e+00  3.05524158e+00
   5.70797157e+00  3.82014632e+00  9.48078823e+00  8.86766911e-02
   3.68632388e+00  6.94637012e+00]
 [ 6.36448956e+00  2.50229836e+00  3.62699556e+00  4.41081715e+00
   5.39896679e+00  1.09996967e+01  1.35725021e+01  1.41786995e+01
   1.19554443e+01  8.41954994e+00  3.73516536e+00  7.66864872e+00
   3.57184815e+00  6.80705309e+00 -2.92156482e+00 -6.07518911e+00
  -6.23983860e+00  2.18379498e-01  1.19076309e+01  1.42511263e+01
   8.63655853e+00  1.09597359e+01]]
 Number of windows mfccs :40
 Number of windows mfccs_htk :20
 Length of each feature mfccs :44
 Length of each feature mfccs_htk :22