MFCCS : 
[[-3.49633575e+02 -3.53656433e+02 -3.54497375e+02 ... -3.52816895e+02
  -3.37353210e+02 -3.17077698e+02]
 [ 1.09426643e+02  1.19163429e+02  1.23171638e+02 ...  1.12250679e+02
   1.02303055e+02  8.44107437e+01]
 [ 5.00173187e+01  3.39312210e+01  2.21881447e+01 ...  2.97545376e+01
   3.94881821e+01  4.84316330e+01]
 ...
 [-2.94279718e+00 -6.22772646e+00 -6.00786638e+00 ... -2.85462666e+00
  -4.63597155e+00 -4.73476458e+00]
 [-3.34356737e+00 -1.91234994e+00 -2.75085998e+00 ... -5.28641653e+00
  -3.12639046e+00 -1.92763853e+00]
 [-2.04857039e+00 -6.42633438e-03  2.36385965e+00 ...  9.35394168e-01
  -1.26881552e+00 -2.31206298e+00]]
 MFCCS_htk : 
[[-3.37213409e+02 -3.48223358e+02 -3.56478821e+02 -3.59602722e+02
  -3.52025482e+02 -3.50639771e+02 -3.17686371e+02 -2.31820053e+02
  -1.47047546e+02 -9.50759430e+01 -5.65653152e+01 -9.80977707e+01
  -1.66371414e+02 -2.40618332e+02 -2.85690521e+02 -1.21719406e+02
  -1.60929886e+02 -1.89885162e+02 -2.87987274e+02 -3.39076263e+02
  -3.44899750e+02 -3.25804871e+02]
 [ 1.30300385e+02  1.39539276e+02  1.39784973e+02  1.38645691e+02
   1.33332031e+02  1.32570587e+02  1.12446426e+02  9.39378967e+01
   8.71910172e+01  1.06086990e+02  1.01528717e+02  1.01945053e+02
   1.12542007e+02  9.21190872e+01  1.02947464e+02  6.51308899e+01
   5.78818283e+01  8.71443787e+01  1.22550461e+02  1.32988815e+02
   1.29421036e+02  1.22536560e+02]
 [ 6.18235779e+01  2.60247993e+01  3.20157089e+01  3.54569855e+01
   3.71915665e+01  3.53466492e+01  1.73441200e+01 -1.74674053e+01
  -6.68393860e+01 -9.65323486e+01 -1.14030045e+02 -9.91577606e+01
  -5.96923370e+01 -1.49902964e+01 -1.11155949e+01 -8.66194458e+01
  -6.18524475e+01 -4.99796753e+01 -9.04744339e+00  1.94762974e+01
   3.21794357e+01  4.62951202e+01]
 [ 6.13082504e+01  7.15325012e+01  7.19207458e+01  7.43154755e+01
   7.03400650e+01  7.20203857e+01  9.12827148e+01  1.28529877e+02
   1.37763458e+02  1.22570755e+02  1.19625931e+02  1.11218796e+02
   1.02829605e+02  1.26777527e+02  1.15378738e+02  1.33707306e+02
   1.30868958e+02  1.10945724e+02  8.57007141e+01  7.67914581e+01
   8.27817307e+01  7.41492233e+01]
 [ 2.73509102e+01  6.74866009e+00  8.41258621e+00  5.22489452e+00
   6.42278910e-01  3.29072976e+00 -4.47207570e-01 -2.07461777e+01
  -2.14363403e+01 -2.74196377e+01 -3.74175949e+01 -3.32823486e+01
  -1.65490990e+01 -1.79470139e+01 -1.08012247e+01 -5.02733231e+01
  -4.58854218e+01 -3.31780319e+01 -2.40990639e+00  5.72590685e+00
  -4.17441398e-01  8.88581753e+00]
 [ 1.29685469e+01  1.13322697e+01  8.10537052e+00  8.34762573e+00
   1.84172668e+01  1.61281528e+01  1.75583401e+01  1.21174107e+01
  -1.47495329e-01 -8.22138500e+00  8.74604034e+00  9.77769947e+00
   6.93296909e+00  5.71950674e+00  7.86560678e+00  3.58964081e+01
   4.35232124e+01  3.13894234e+01  1.91716232e+01  1.57436867e+01
   1.07595119e+01  1.80007172e+01]
 [ 1.99903145e+01  1.45886612e+01  1.25590858e+01  1.36980457e+01
   1.04933891e+01  7.33371925e+00  2.09813833e+00  5.93173981e+00
  -1.99231968e+01 -3.11809807e+01 -3.49291611e+01 -2.23584366e+01
  -2.98647976e+01 -1.45615425e+01  1.83641167e+01  7.22036839e+00
   5.39309859e-01 -2.74544001e+00  5.60646868e+00  1.44049797e+01
   8.61742592e+00  1.21207390e+01]
 [ 8.92311287e+00  6.73792267e+00  7.60980654e+00  5.42952204e+00
   1.18085995e+01  1.29628735e+01  1.59036846e+01  1.29345360e+01
   2.36745071e+01  2.17592964e+01  2.26452789e+01  2.27965088e+01
   1.75734577e+01  2.06740913e+01  1.65871978e+00  1.21246195e+01
   2.14026527e+01  1.67656441e+01  4.62025833e+00  3.30365276e+00
   1.06054907e+01  1.10346889e+01]
 [ 8.10370159e+00  8.14364147e+00  5.64592934e+00  9.43145275e+00
   3.87069988e+00  5.14125919e+00  4.70518255e+00 -1.05876760e+01
   1.46429241e-01  1.50231285e+01  2.35287571e+01  2.39407711e+01
   2.07933006e+01  9.12558460e+00  1.00263996e+01  1.23973346e+00
   7.72660065e+00  1.14843750e+01  1.29974823e+01  8.58458328e+00
   1.29520626e+01  8.59920120e+00]
 [ 1.24900169e+01  6.02632999e+00  6.79572392e+00  7.40895653e+00
   4.18976402e+00  3.38427711e+00  4.42014605e-01 -6.33961678e+00
   1.04738808e+00  7.24147558e+00  4.62310362e+00  6.85978270e+00
  -1.42319053e-01 -1.31030922e+01  6.26421404e+00  3.84919858e+00
  -3.57327151e+00 -4.66254520e+00  1.34672236e+00  5.68057919e+00
   2.18596864e+00  1.12973499e+01]
 [ 2.31534934e+00  1.17142735e+01  1.31408367e+01  9.18251514e+00
   1.31516743e+01  1.21564646e+01  1.42560453e+01  1.14444809e+01
   1.06046743e+01  5.77298450e+00  8.86524391e+00  7.65048790e+00
   9.73523331e+00  1.58151379e+01  9.93212986e+00  2.05112305e+01
   2.20643959e+01  1.54594326e+01  1.44109287e+01  1.39425983e+01
   1.05104580e+01  1.14982758e+01]
 [ 4.40283203e+00 -1.44975513e-01  1.67816806e+00  2.23098159e-01
  -1.33407712e-01 -1.06973743e+00  6.28722286e+00 -1.03565359e+00
  -3.83935523e+00  4.69926214e+00 -1.10174084e+00  2.81406307e+00
   1.18727207e+01  9.65471935e+00  5.74328184e-01 -5.61910820e+00
  -5.70416260e+00 -2.75490522e+00  6.38027668e-01  6.19396210e-01
  -7.06016898e-01  4.31037951e+00]
 [ 7.11502886e+00  4.06144619e+00  2.79840469e+00  5.85254955e+00
   1.11112251e+01  8.81967926e+00  7.74931335e+00  8.94743156e+00
   1.26494083e+01  1.57619610e+01  1.60613251e+01  8.49927521e+00
   7.16115522e+00  1.32580013e+01  8.94675732e+00  1.76860180e+01
   1.32311621e+01  1.51940784e+01  1.00239029e+01  8.50562990e-01
   5.49510813e+00  6.73858881e+00]
 [ 1.04868813e+01  5.34250546e+00  2.82004452e+00  4.44623470e+00
  -1.52998292e+00  3.55438709e-01 -7.33702660e+00 -1.28902569e+01
  -1.89977245e+01 -2.18125057e+01 -1.72711716e+01 -1.70177460e+01
  -1.34578495e+01 -7.80307674e+00  6.87643826e-01 -7.68830013e+00
  -7.06725597e+00 -4.13343906e+00  8.23901367e+00  3.59883046e+00
   3.95378852e+00  3.03740454e+00]
 [ 4.61113119e+00  7.76684046e+00  7.91581821e+00  6.59324455e+00
   6.71497869e+00  8.13969040e+00  1.26521473e+01  1.61675758e+01
   1.82813988e+01  1.52667446e+01  1.46865320e+01  1.33963013e+01
   1.27283554e+01  1.65757294e+01  4.86346197e+00  1.46712990e+01
   1.83843746e+01  1.50005579e+01  4.34128523e+00  5.33914804e+00
   5.39382458e+00  3.11089087e+00]
 [ 5.70175838e+00  2.85108995e+00  2.38805532e+00  4.23716545e+00
   3.42116117e+00  9.46900249e-01 -1.92844987e-01  8.31877649e-01
  -8.56950283e+00 -1.60634480e+01 -1.15322704e+01 -1.45509834e+01
  -9.70494652e+00 -1.67933154e+00 -1.67708695e+00 -9.57330513e+00
  -8.14682674e+00 -6.10120583e+00 -2.19271398e+00  1.78730500e+00
   4.68720436e+00  1.87736356e+00]
 [-1.11034799e+00 -6.87361658e-01  1.91920495e+00 -3.12687099e-01
   1.00276542e+00  1.66588724e-01  4.55401325e+00  2.02120066e+00
  -3.98065472e+00  4.85009384e+00  9.59648132e+00  1.18134212e+01
   9.87525749e+00  1.12177265e+00  6.72953987e+00  6.68660545e+00
   1.19708652e+01  6.34549046e+00  1.62202406e+00  1.24650693e+00
   1.50053740e+00  3.90420008e+00]
 [-6.93794250e+00  3.58099484e+00  1.43250549e+00  2.10787392e+00
   7.14133453e+00  6.34799433e+00  3.66384983e-01 -2.71279240e+00
  -6.50116730e+00  7.70584106e-01  3.84860659e+00  1.61402321e+00
  -4.13699532e+00 -2.88434386e+00  3.66809511e+00  2.37587810e+00
   9.01236343e+00  1.31233864e+01  1.97715640e-01  5.88133216e-01
  -1.04190898e+00  2.98848295e+00]
 [-2.80667067e+00  9.31051910e-01 -1.47349632e+00  1.31167483e+00
  -1.27395797e+00 -1.52042317e+00  9.89263296e-01  9.06545043e-01
   3.09873676e+00 -4.22873497e+00 -6.00494146e+00 -6.27146339e+00
  -5.43797493e-01 -8.29645920e+00 -7.00729704e+00 -7.19533348e+00
  -9.40302563e+00 -1.49791837e-01 -3.77073550e+00 -9.72441316e-01
  -1.43086910e-01  3.44489956e+00]
 [ 1.49813044e+00  6.97325706e+00  7.10824776e+00  5.70916796e+00
   4.43058586e+00  3.77741957e+00  1.13641396e+01  1.36525869e+01
   1.96137333e+01  2.13539467e+01  1.16075726e+01  8.09418106e+00
   8.68482399e+00  1.20654697e+01  1.41731577e+01  1.99000187e+01
   1.52235699e+01  9.81682587e+00  5.76201057e+00  5.63433313e+00
   5.27731133e+00  5.03424931e+00]]
 Number of windows mfccs :40
 Number of windows mfccs_htk :20
 Length of each feature mfccs :44
 Length of each feature mfccs_htk :22