MFCCS : 
[[-334.04413   -341.531     -352.6       ... -347.58945   -323.60342
  -302.58585  ]
 [  89.65391     99.56632    109.686905  ...  113.76283     80.1861
    58.287216 ]
 [  30.39124     17.765919     7.691541  ...    6.935032    33.818993
    41.815994 ]
 ...
 [  -2.7430527   -0.6077273   -3.7151332 ...   -2.4404902   -4.350853
    -3.94883  ]
 [  -2.2393527   -1.4924784   -1.4567307 ...   -7.72425     -5.832594
    -1.7330327]
 [  -2.4668324   -2.359331    -1.6025867 ...   -3.2311044   -2.7000523
    -1.242487 ]]
 MFCCS_htk : 
[[-3.23389740e+02 -3.48793762e+02 -3.46561768e+02 -3.46277710e+02
  -2.78656921e+02 -1.55829620e+02 -1.11946968e+02 -1.43221924e+02
  -2.01073303e+02 -2.68125916e+02 -3.04569611e+02 -1.58541214e+02
  -1.71850815e+02 -1.69986465e+02 -1.88212845e+02 -2.14585922e+02
  -2.31931427e+02 -2.46178436e+02 -2.71125854e+02 -3.12824127e+02
  -3.42259460e+02 -3.14308319e+02]
 [ 1.09848457e+02  1.31533859e+02  1.31207733e+02  1.32729965e+02
   1.25245468e+02  1.23852585e+02  1.67732452e+02  1.48934235e+02
   1.35196503e+02  1.43272736e+02  1.45076660e+02  8.36895142e+01
   1.17672043e+02  1.33641144e+02  1.54490875e+02  1.60064423e+02
   1.51141602e+02  1.36213654e+02  1.32164001e+02  1.35648087e+02
   1.35591690e+02  9.65055084e+01]
 [ 3.63102112e+01  4.95495272e+00  8.04676628e+00  6.55069542e+00
  -2.43861542e+01 -9.09817810e+01 -1.06854919e+02 -9.87186127e+01
  -5.67971573e+01 -2.30383492e+01  9.95670915e-01 -5.29511948e+01
  -7.28480148e+01 -7.33214722e+01 -6.27941360e+01 -5.13373795e+01
  -4.78442078e+01 -4.44522629e+01 -3.20953827e+01 -1.10190506e+01
   3.55899286e+00  3.69707947e+01]
 [ 7.77019119e+01  9.66533356e+01  9.44010468e+01  9.07322388e+01
   8.64173126e+01  7.39614410e+01  3.43302231e+01  5.60567894e+01
   8.44594955e+01  8.75742798e+01  9.11199112e+01  1.24775826e+02
   1.00262039e+02  7.90059204e+01  6.13235703e+01  5.09859200e+01
   5.71440125e+01  6.08722153e+01  6.42892990e+01  7.20791626e+01
   8.67469635e+01  7.29529800e+01]
 [ 1.97423573e+01 -1.08287930e+00 -3.19262409e+00 -1.84929574e+00
  -1.26553345e+01 -3.04133682e+01 -4.36596603e+01 -2.85007458e+01
  -2.87116451e+01 -1.09211721e+01 -5.82742453e+00 -5.64628601e+01
  -2.94504280e+01 -4.91941223e+01 -5.41685257e+01 -4.51078606e+01
  -2.65529327e+01 -2.24479179e+01 -2.51318913e+01 -1.79512005e+01
  -4.97393990e+00  1.17837210e+01]
 [ 8.81632328e+00  9.70986176e+00  1.35582600e+01  1.33682747e+01
   3.84371796e+01  4.81963654e+01  5.07136688e+01  5.46330948e+01
   4.20866852e+01  1.50518284e+01  1.17025032e+01  3.86281471e+01
   3.11291351e+01  3.20686760e+01  2.81991806e+01  2.92623901e+01
   4.32983131e+01  5.23222275e+01  4.82068710e+01  3.69974060e+01
   1.71321239e+01  9.30064297e+00]
 [ 2.08804131e+01  2.01929970e+01  1.77547455e+01  1.59236927e+01
  -1.41789114e+00 -1.28212299e+01 -1.90489655e+01 -1.55133934e+01
  -9.85146332e+00 -9.67385864e+00 -4.73914528e+00 -1.81633224e+01
  -1.67191391e+01  1.27461827e+00  1.34417181e+01  1.51750326e+01
   1.12400723e+01  1.44329548e+01  2.01951637e+01  2.53877048e+01
   2.18886070e+01  1.67025890e+01]
 [ 4.72825384e+00  5.51171112e+00  6.93620110e+00  7.87273788e+00
   1.76311374e+00  2.00917702e+01  1.41214638e+01  3.14375520e+00
  -8.83053780e+00  2.42691588e+00 -7.71365106e-01  2.21848526e+01
   1.48350036e+00  5.26831770e+00  1.30861511e+01  1.88599224e+01
   1.39092379e+01  1.91081867e+01  1.66361580e+01  6.12912083e+00
   8.08590126e+00  1.01785765e+01]
 [ 9.23670864e+00  7.46288776e+00  6.97734022e+00  6.74505138e+00
   1.34837351e+01  1.61582012e+01  1.73067894e+01  1.79133835e+01
   1.10534277e+01  7.57075500e+00  5.91324615e+00 -5.95916939e+00
   3.58667231e+00  1.54752855e+01  1.92568474e+01  1.12586689e+01
   1.48918971e-01 -8.63408625e-01 -2.54050821e-01  4.30449009e+00
   5.35382366e+00  1.68195248e-01]
 [ 2.91724777e+00  2.61341143e+00  2.14731288e+00  5.00808048e+00
   3.42422986e+00 -4.13866663e+00 -8.53514481e+00  2.07949829e+00
   1.14183264e+01  1.28442371e+00 -8.05459201e-01  3.06686401e+00
   1.19965076e+01  8.96581268e+00 -9.63554502e-01 -8.48435116e+00
  -1.50389824e+01 -1.17115383e+01 -5.55840540e+00 -2.50081468e+00
  -1.81259191e+00  7.96958447e+00]
 [ 1.64130044e+00  1.37195377e+01  1.24505405e+01  1.52658005e+01
   2.10828876e+01  8.58188629e+00  1.91746197e+01  2.11024628e+01
   1.95749168e+01  1.31198702e+01  1.12459774e+01  2.03456612e+01
   2.55075912e+01  2.91824303e+01  2.71886253e+01  2.27196007e+01
   2.62450676e+01  2.40008907e+01  3.01353569e+01  1.97400570e+01
   1.48693953e+01  1.03878899e+01]
 [ 8.30919647e+00  2.27793288e+00  1.74128771e+00 -4.38329250e-01
  -4.24700689e+00 -1.52276545e+01 -1.86483955e+01 -2.39968319e+01
  -2.50511913e+01 -2.74938607e+00  6.65031624e+00 -1.25802813e+01
  -4.69531298e+00  2.66846085e+00  1.85038424e+00 -2.55339575e+00
  -5.01872826e+00 -1.02081461e+01 -9.04390907e+00 -8.59460831e-01
   4.18225145e+00  8.38078976e+00]
 [-1.34840977e+00  5.32406998e+00  7.05944824e+00  4.88715363e+00
   4.25574017e+00  8.79067326e+00  9.18544769e+00  1.33350525e+01
   1.48279591e+01  1.85549774e+01  3.80671835e+00  2.66229153e+01
   3.66913414e+00 -1.35042753e+01 -1.08308964e+01 -5.70934582e+00
   1.91413903e+00  8.47762108e+00  7.23359585e+00  9.24251747e+00
   7.54695559e+00  3.70577484e-01]
 [ 5.01074028e+00  3.62934113e+00  2.58461332e+00  6.18654919e+00
   2.59548068e+00  1.87754285e+00  5.32038307e+00  1.13632374e+01
   1.42467489e+01  4.67222595e+00  1.09681726e+00 -4.56770992e+00
  -4.83501101e+00 -7.82597399e+00 -9.21153545e+00 -4.63848591e+00
  -5.77082443e+00  1.29752493e+00  1.48094714e+00  5.29367924e+00
   6.00440359e+00  1.97433519e+00]
 [ 1.90718010e-01  4.29169846e+00  5.75535250e+00  1.24251995e+01
   1.25730896e+01  2.58677006e+01  1.90857506e+01  2.22220111e+00
   2.38086462e+00  6.08240509e+00  1.46960907e+01  1.64077740e+01
   2.65559464e+01  1.65374260e+01  2.19333196e+00  5.29831791e+00
   6.07895708e+00  1.32946339e+01  5.00833893e+00  2.03296876e+00
   5.87638950e+00  8.28854942e+00]
 [-3.85768008e+00  2.50027657e+00  8.12075138e-02 -1.76315725e+00
  -3.52891207e+00 -1.55946646e+01 -5.94376326e+00 -1.11590452e+01
  -9.24013329e+00 -1.94686055e+00 -3.94438505e+00 -1.26045952e+01
  -7.63105059e+00 -1.91154230e+00  4.24106026e+00  7.55153656e+00
   6.67718029e+00  7.50067234e-01  2.52033353e+00  8.44453514e-01
  -2.09051013e+00 -4.63086081e+00]
 [-1.61226928e-01  2.46561670e+00  1.45768806e-01 -2.46336937e-01
  -1.56835485e+00 -1.67531943e+00 -7.74414349e+00 -3.95773888e+00
   1.82438397e+00  1.05010557e+00  9.16776478e-01  8.73135757e+00
  -9.14710402e-01  8.20096207e+00  6.32449389e+00  2.18808079e+00
  -6.23526430e+00 -5.42641640e+00 -5.59807420e-01  7.31576920e-01
   2.45824069e-01  1.64486361e+00]
 [ 4.14943361e+00  3.76990461e+00  4.18469143e+00  6.95185280e+00
   6.83047485e+00  8.85490990e+00  5.02525711e+00  2.09319258e+00
   2.25311708e+00  3.64689589e+00  1.48588836e+00 -5.96954441e+00
  -8.08029938e+00 -1.22009296e+01 -6.88193464e+00 -6.65076828e+00
  -1.88100863e+00  4.61364269e+00  5.00064564e+00  5.19507074e+00
   5.54227448e+00  5.33390331e+00]
 [-2.49727654e+00 -1.09146953e+00  2.42392659e+00 -2.79584765e-01
   3.40732861e+00  9.89010048e+00  9.33724594e+00  5.92047453e+00
  -8.48599732e-01 -2.77930403e+00  5.93715727e-01 -7.52572203e+00
   2.13147020e+00  1.43147278e+01  1.44997549e+01  1.13926144e+01
   7.40512562e+00  3.23730278e+00  2.82246828e+00  6.61753654e+00
   1.47478771e+00  4.71236825e-01]
 [-3.47913265e+00  5.21780634e+00  2.53482628e+00  6.16916990e+00
   1.78980029e+00  9.77385902e+00  1.10746555e+01  1.27678003e+01
   1.15802250e+01  1.05845380e+00 -1.26149619e+00  8.70606232e+00
   9.31614685e+00  3.47389126e+00 -1.25221443e+00 -5.65189648e+00
   6.10265636e+00  8.67574501e+00  7.27254248e+00  8.77337837e+00
   8.95389271e+00 -1.82923210e+00]]
 Number of windows mfccs :40
 Number of windows mfccs_htk :20
 Length of each feature mfccs :44
 Length of each feature mfccs_htk :22