MFCCS : 
[[-3.85808746e+02 -3.96435730e+02 -4.08374878e+02 ... -4.07017456e+02
  -3.76585571e+02 -3.40909180e+02]
 [ 1.14966286e+02  1.25420837e+02  1.39137466e+02 ...  1.39517365e+02
   1.07482559e+02  8.68843842e+01]
 [ 6.17019119e+01  4.96665344e+01  2.96802559e+01 ...  2.81880760e+01
   5.14303131e+01  5.42423859e+01]
 ...
 [-3.72715855e+00 -3.80544305e+00 -1.04668248e+00 ... -3.05096030e+00
  -3.65665221e+00 -3.70328069e+00]
 [-4.34061241e+00 -1.20884871e+00 -2.98061323e+00 ... -1.53448892e+00
  -2.71318960e+00 -4.42017078e+00]
 [-7.39033794e+00 -3.54104829e+00 -3.70313549e+00 ... -8.69854689e-02
  -2.10057378e+00 -2.72690153e+00]]
 MFCCS_htk : 
[[-3.73031708e+02 -4.02885101e+02 -4.04273102e+02 -4.02414886e+02
  -4.02275482e+02 -4.07250946e+02 -3.76404419e+02 -3.51947296e+02
  -2.14531723e+02 -2.17341721e+02 -1.97898438e+02 -1.93988098e+02
  -2.12371597e+02 -2.32179672e+02 -2.71616669e+02 -3.06264587e+02
  -2.44185730e+02 -2.40654343e+02 -3.07395721e+02 -3.91919678e+02
  -4.00631500e+02 -3.65098816e+02]
 [ 1.34226501e+02  1.55051849e+02  1.55837433e+02  1.55717377e+02
   1.58686371e+02  1.57152557e+02  1.33874634e+02  1.21168846e+02
   1.12613533e+02  1.13242737e+02  1.24523331e+02  1.23957840e+02
   1.26976074e+02  1.20842163e+02  1.10762177e+02  1.12629402e+02
   7.96492004e+01  7.79153442e+01  1.07103203e+02  1.47406677e+02
   1.54831879e+02  1.25810890e+02]
 [ 7.33918915e+01  3.33746147e+01  3.06369534e+01  3.22679863e+01
   2.98959236e+01  3.60600319e+01  2.79203663e+01  1.19445324e+01
  -5.82656364e+01 -5.77999153e+01 -7.33478012e+01 -7.59214325e+01
  -6.65385590e+01 -6.14310837e+01 -2.77506561e+01 -3.03528118e+01
  -4.68293839e+01 -5.05010452e+01 -2.24245911e+01  2.76155548e+01
   3.05021248e+01  6.04794235e+01]
 [ 5.39153481e+01  6.79718170e+01  7.16797180e+01  7.26626740e+01
   7.24166870e+01  7.10992508e+01  8.88870087e+01  1.05161545e+02
   1.26283890e+02  1.32881195e+02  1.16006027e+02  1.14558846e+02
   1.13760162e+02  1.20814377e+02  1.31145264e+02  1.25098404e+02
   1.44906097e+02  1.41501328e+02  1.17752594e+02  8.39476471e+01
   7.24525070e+01  5.88113976e+01]
 [ 1.79483643e+01 -4.23170614e+00 -1.50130558e+00 -4.52299356e+00
   3.05892205e+00 -2.51382732e+00 -1.35363998e+01 -7.36268902e+00
  -3.54390030e+01 -3.15610561e+01 -2.82888756e+01 -2.98758087e+01
  -2.72100410e+01 -2.15621510e+01 -2.25308514e+01 -1.84872360e+01
  -4.49604683e+01 -4.02909317e+01 -1.69317513e+01 -6.81442118e+00
  -1.29402637e+00  1.40586071e+01]
 [ 1.56437559e+01  2.43448315e+01  1.86479568e+01  1.91125031e+01
   1.76947670e+01  1.59652958e+01  2.89103622e+01  2.19609432e+01
   1.75391083e+01  7.75354719e+00  1.42825279e+01  9.69280815e+00
   1.00130281e+01  7.91930246e+00  1.13418570e+01  1.71552773e+01
   3.40145950e+01  4.11248398e+01  2.56401443e+01  1.93661194e+01
   2.17409630e+01  1.89487305e+01]
 [ 2.51398048e+01  9.66423988e+00  1.39459553e+01  1.04645519e+01
   6.65817499e+00  5.65465307e+00  1.65226269e+00 -9.60948181e+00
  -1.90598755e+01 -2.55224705e+01 -2.42281437e+01 -2.65698700e+01
  -2.31203270e+01 -1.92717762e+01 -1.69546070e+01  1.45208759e+01
  -4.15630221e-01  2.43661070e+00 -4.24918747e+00  9.06992817e+00
   7.95921755e+00  1.12768192e+01]
 [ 1.62625084e+01  1.08435955e+01  9.91096115e+00  9.34558201e+00
   8.49250984e+00  1.12256813e+01  1.36093359e+01  2.75295773e+01
   2.23469276e+01  2.42894936e+01  2.14289360e+01  2.70038242e+01
   2.60853920e+01  2.87859859e+01  2.69004478e+01  5.57785511e+00
   1.35043993e+01  1.93377876e+01  1.66186314e+01  6.03402281e+00
   7.84218884e+00  1.48548031e+01]
 [ 6.60644150e+00  6.78546572e+00  4.90693331e+00  1.09587173e+01
   1.05988102e+01  9.99536324e+00  9.37702179e+00  8.68700981e+00
   8.07693672e+00  1.72334080e+01  2.05492439e+01  2.10001068e+01
   2.30606308e+01  2.29242935e+01  1.19316282e+01  1.11708641e+01
   1.46075115e+01  6.75247860e+00  1.35238647e+01  1.00283813e+01
   8.95176601e+00  8.66902828e+00]
 [ 6.70574713e+00  8.51135015e-01  4.36701488e+00  2.97892904e+00
   5.35920906e+00  3.39013910e+00  8.98714304e-01 -1.45186920e+01
  -1.95930252e+01 -2.09329720e+01 -1.23366890e+01 -7.74937534e+00
  -1.15237141e+01 -2.00864353e+01 -1.99274368e+01 -9.23592448e-01
  -3.08122468e+00 -7.74825859e+00 -4.72372437e+00  3.42613697e+00
   3.84047365e+00  1.21167135e+01]
 [ 8.70273876e+00  1.38975182e+01  1.41921282e+01  1.20376968e+01
   1.37263985e+01  1.25375662e+01  1.45509806e+01  2.11021881e+01
   2.47820168e+01  1.85267715e+01  1.07698059e+01  1.33488770e+01
   1.16997261e+01  1.38463268e+01  1.87103958e+01  1.70443230e+01
   1.76391144e+01  1.68579102e+01  1.51656399e+01  1.37735786e+01
   1.44143353e+01  1.19232864e+01]
 [ 1.22847977e+01  7.81428456e-01  1.42740571e+00  4.63888049e-01
  -3.76848936e-01 -5.16627312e-01 -1.35670257e+00  6.19688129e+00
   3.31377339e+00  5.64102077e+00  5.28124952e+00  5.99787712e-01
   2.07891393e+00  7.13958597e+00  8.43094254e+00  4.83730221e+00
  -4.02027798e+00 -1.30565090e+01 -3.31426764e+00 -1.42516994e+00
   7.40326762e-01  5.54787350e+00]
 [ 4.25337553e+00  8.21299171e+00  7.09534550e+00  8.54633904e+00
   6.59300327e+00  9.41504669e+00  9.17699337e+00  2.42393708e+00
   1.18106766e+01  1.69908237e+01  1.48793144e+01  1.53403158e+01
   1.80635567e+01  1.31799164e+01  7.52273607e+00  8.99349976e+00
   1.78515072e+01  1.43548765e+01  1.50349140e+01  7.49896145e+00
   6.72138882e+00  1.78514886e+00]
 [ 7.88232374e+00  3.66212320e+00 -4.13542211e-01  5.22347736e+00
   1.50745761e+00  3.21301794e+00 -2.18730545e+00 -4.64192295e+00
  -4.75843906e+00 -2.17771816e+00 -1.01697836e+01 -1.32768927e+01
  -9.38327408e+00 -9.91498947e+00 -1.06358929e+01  4.68004322e+00
  -8.84521008e-02  2.72552586e+00  5.38851595e+00  3.62255859e+00
   1.48812973e+00  3.47415137e+00]
 [ 3.19122100e+00  9.17560959e+00  8.19873333e+00  7.85847855e+00
   7.57825184e+00  6.12569427e+00  1.41746778e+01  1.76877937e+01
   1.29790497e+01  5.09677982e+00  9.91444778e+00  6.75321245e+00
   1.96997106e+00  9.96632004e+00  1.50332384e+01  6.09542370e+00
   1.08330431e+01  1.61935158e+01  1.20615387e+01  5.73629713e+00
   9.57455826e+00  8.96463203e+00]
 [-3.87120223e+00 -1.39959478e+00  1.38549638e+00 -1.68735564e+00
   1.96984887e+00 -1.71640396e+00 -1.56731856e+00 -2.09684634e+00
  -2.40642953e+00 -7.56730270e+00 -2.89592719e+00 -4.10927153e+00
  -6.04360849e-02  7.04425430e+00  3.32050037e+00 -4.11385870e+00
  -1.02851734e+01 -7.17221212e+00 -6.56151295e+00  1.14228576e-03
   5.47182560e-01 -8.74045610e-01]
 [-4.63721943e+00  1.54337776e+00  4.26829159e-02 -3.48857343e-01
   2.34278783e-01  2.93276262e+00 -4.76514244e+00 -8.46802175e-01
  -2.99786091e-01  2.94749165e+00  8.63486195e+00  7.04284811e+00
   1.18438807e+01 -4.32760859e+00  8.90815449e+00  1.03853874e+01
   1.04358788e+01  1.18169842e+01  7.37758446e+00  4.28711605e+00
  -1.03838992e+00  1.72470164e+00]
 [-1.17718625e+00  5.22479343e+00  5.92980242e+00  4.80407429e+00
   6.33788538e+00  8.55938339e+00  2.34462619e+00  2.02817464e+00
   3.77645302e+00 -4.59937453e-01 -4.69648838e+00 -2.68732548e+00
  -2.57832861e+00 -5.93531752e+00 -5.60089922e+00  2.64610195e+00
   7.50866604e+00  3.98438764e+00  6.46546507e+00  4.54592323e+00
   5.95767117e+00  4.73740005e+00]
 [ 7.33948529e-01 -1.19616723e+00 -3.38108420e-01  1.01411533e+00
   2.61208594e-01 -2.27051139e+00  5.73527622e+00  8.20759201e+00
   6.42387748e-01 -4.82038736e+00 -5.59220552e+00 -7.53727436e+00
  -7.78488398e+00  9.13831651e-01 -7.69574261e+00 -2.28175902e+00
  -3.49447441e+00 -1.01924677e+01 -6.91613626e+00 -4.02066517e+00
   4.40833330e-01  5.59648323e+00]
 [-5.27123451e-01  7.09108639e+00  6.44923306e+00  8.67657661e+00
   7.03561211e+00  5.04638386e+00  1.00571442e+01  6.38604355e+00
   1.71589816e+00  1.05151796e+01  1.03328247e+01  7.54748535e+00
   8.65682507e+00  3.38689804e+00  8.37300205e+00  1.19993896e+01
   1.35598640e+01  9.49239922e+00  6.50912380e+00  9.17574501e+00
   5.66497231e+00  8.05566788e+00]]
 Number of windows mfccs :40
 Number of windows mfccs_htk :20
 Length of each feature mfccs :44
 Length of each feature mfccs_htk :22