MFCCS : 
[[-3.86148224e+02 -3.94503174e+02 -4.04912537e+02 ... -3.86901947e+02
  -3.63354309e+02 -3.37300842e+02]
 [ 1.06799515e+02  1.17313736e+02  1.24818939e+02 ...  1.28963959e+02
   9.54487076e+01  6.82311020e+01]
 [ 4.65343857e+01  3.33797951e+01  2.60177479e+01 ...  1.40454483e+01
   4.25435600e+01  4.87009048e+01]
 ...
 [-6.01864910e+00 -5.90292597e+00 -4.42477798e+00 ... -1.40687132e+00
  -6.65221882e+00 -7.54173660e+00]
 [ 8.93912911e-01 -2.13597870e+00 -3.16154504e+00 ...  7.26512432e-01
  -6.20941401e-01 -2.96847343e+00]
 [ 3.91543746e+00  1.24382287e-01 -3.37933350e+00 ... -2.28205633e+00
  -1.73957253e+00 -2.29559809e-01]]
 MFCCS_htk : 
[[-3.74479584e+02 -4.00401367e+02 -2.88439056e+02 -1.79979050e+02
  -1.09925163e+02 -1.48300827e+02 -1.62825104e+02 -2.17606949e+02
  -3.13208313e+02 -3.28610474e+02 -1.67657303e+02 -2.07147049e+02
  -2.06589676e+02 -2.07250854e+02 -2.15222778e+02 -2.34172455e+02
  -2.52090210e+02 -2.72334534e+02 -3.04765381e+02 -3.49241791e+02
  -3.75464966e+02 -3.56335510e+02]
 [ 1.25903297e+02  1.44627350e+02  1.22604263e+02  1.12451508e+02
   1.77146347e+02  1.44354553e+02  1.39783295e+02  1.42659058e+02
   1.44849304e+02  1.40365448e+02  6.91994934e+01  1.28292664e+02
   1.40127350e+02  1.53168488e+02  1.63702820e+02  1.54090179e+02
   1.57255157e+02  1.42890381e+02  1.37315796e+02  1.45415222e+02
   1.49904388e+02  1.08163544e+02]
 [ 5.53922119e+01  2.63484001e+01 -3.20207672e+01 -9.49522171e+01
  -1.07382309e+02 -1.05322227e+02 -8.24784698e+01 -4.40287476e+01
  -2.21011925e+00  1.13423786e+01 -5.01550484e+01 -5.71284332e+01
  -6.50469666e+01 -6.00941887e+01 -6.17173004e+01 -5.80176163e+01
  -4.98833847e+01 -4.19062119e+01 -2.84882774e+01 -3.43361115e+00
   9.43224430e+00  4.83645859e+01]
 [ 5.95121269e+01  7.47775421e+01  8.08963318e+01  7.65416260e+01
   2.59484940e+01  6.42801132e+01  8.12176361e+01  8.80069199e+01
   9.07648010e+01  9.25352554e+01  1.37728119e+02  8.89825974e+01
   6.95681992e+01  5.05856476e+01  3.93728485e+01  5.08095016e+01
   4.74117088e+01  5.84756775e+01  6.01552048e+01  5.66145020e+01
   5.91605225e+01  5.06510773e+01]
 [ 2.60632610e+01  3.10277271e+00 -2.10007629e+01 -2.67406540e+01
  -5.60216637e+01 -4.27470284e+01 -4.75382767e+01 -4.10885315e+01
  -1.10535536e+01 -1.60079021e+01 -7.07928162e+01 -3.51334457e+01
  -3.96952667e+01 -4.87222557e+01 -4.09962196e+01 -4.08246956e+01
  -2.97189884e+01 -2.57373581e+01 -2.12656651e+01 -1.32811327e+01
  -4.61569500e+00  1.07829666e+01]
 [ 7.24600410e+00  1.58880825e+01  3.40447693e+01  5.69879608e+01
   5.10479774e+01  4.97339249e+01  3.55086670e+01  2.78806610e+01
   1.83439693e+01  1.62137947e+01  4.51691895e+01  3.21867599e+01
   3.60583572e+01  3.84249725e+01  3.80888557e+01  4.53514023e+01
   4.27196198e+01  4.60481110e+01  4.57846107e+01  4.34213104e+01
   2.81826782e+01  1.85855083e+01]
 [ 1.54769726e+01  1.42958279e+01 -8.29916382e+00 -1.54278164e+01
  -2.50952530e+01 -1.15191870e+01 -1.43973160e+01 -1.62381134e+01
  -1.32437687e+01 -3.32705188e+00 -2.23565140e+01 -2.47592258e+01
  -6.53051090e+00  1.50335622e+00  2.87765479e+00  1.21951389e+01
   6.09106159e+00  1.23325663e+01  1.30674801e+01  2.25623055e+01
   1.94317646e+01  1.75347767e+01]
 [ 1.21922626e+01  1.07257748e+01  1.42625036e+01  2.20562782e+01
   1.43206053e+01  1.04897766e+01  7.39779472e+00  3.58999586e+00
   4.16639280e+00  6.80115318e+00  2.52303734e+01  5.03405476e+00
   1.02351341e+01  1.77707195e+01  2.28054619e+01  1.90490742e+01
   2.35025940e+01  2.19791069e+01  1.55927916e+01  8.51876450e+00
   1.25194349e+01  2.19331779e+01]
 [ 5.67213345e+00  3.17565250e+00  2.25236874e+01  1.57675190e+01
   1.16833391e+01  1.96607361e+01  1.43370304e+01  1.17746248e+01
   1.30948362e+01 -7.83228397e+00 -1.19373684e+01  7.24973106e+00
   1.12222509e+01  1.09312468e+01  9.12567997e+00  1.53418255e+01
   5.42438459e+00  6.32075500e+00  5.66017103e+00 -2.19492316e+00
   2.26827621e+00  4.06035042e+00]
 [ 1.35664139e+01  6.04028225e+00  1.35192280e+01 -1.65504193e+00
  -1.08038483e+01 -1.12141829e+01 -5.06906211e-02 -6.59628153e+00
  -1.20336552e+01 -3.68997025e+00 -4.25535822e+00  1.21892605e+01
   6.18870926e+00  1.74929678e+00 -4.87580824e+00 -1.59732723e+01
  -2.22729988e+01 -1.01800032e+01 -6.90113354e+00 -5.42530632e+00
  -5.85514879e+00  1.47002590e+00]
 [ 8.42221355e+00  1.56273003e+01  2.01609898e+01  7.14917183e+00
   1.15015612e+01  1.45899153e+01  1.25957785e+01  8.48027325e+00
   1.26654863e+01  1.71705704e+01  2.43830681e+01  3.20739212e+01
   2.52983856e+01  1.88173256e+01  2.41013794e+01  2.40152817e+01
   3.00171509e+01  2.18327694e+01  2.96664886e+01  2.30050735e+01
   1.53143215e+01  4.30536747e+00]
 [ 2.85650659e+00 -1.39570463e+00 -1.20350685e+01 -1.17376118e+01
  -1.85526638e+01 -1.88296356e+01 -2.13969593e+01 -6.81262016e+00
   1.18718681e+01 -1.58643627e+00 -1.97986050e+01 -9.22103024e+00
  -4.25635099e+00 -3.18083525e+00 -4.10388422e+00 -7.10761642e+00
  -5.12784052e+00 -1.45095196e+01 -9.47052860e+00 -4.63235855e+00
   5.53611100e-01  2.03379679e+00]
 [ 2.45587301e+00  6.17839861e+00  7.93576717e+00  1.81069489e+01
   1.76747017e+01  1.66835842e+01  1.97172661e+01  2.30163116e+01
   7.17867231e+00  1.53612337e+01  3.33242340e+01  5.72537613e+00
  -1.09012356e+01 -4.76662827e+00 -4.03253126e+00 -2.32490349e+00
   9.60245728e-03  5.48202229e+00 -3.44907641e-01  1.09041233e+01
   1.01202164e+01  3.97602701e+00]
 [ 7.11493301e+00 -7.00719953e-02 -1.13234692e+01 -6.59112549e+00
  -2.27209902e+00  2.23890209e+00  6.46567249e+00  9.93219495e-01
  -7.61724091e+00 -6.84144211e+00 -9.92123985e+00 -7.37554550e+00
  -1.36781969e+01 -1.40709877e+01 -8.01315022e+00 -6.64048433e+00
  -4.63504982e+00 -3.26914215e+00  2.49024534e+00  7.70890427e+00
   1.21957741e+01  4.66317844e+00]
 [ 3.37533951e+00  8.23766994e+00  7.65912151e+00  2.97484055e+01
   1.77275887e+01  3.55980301e+00 -2.54892087e+00  2.36971927e+00
   7.24317074e+00  8.26679230e+00  1.42287378e+01  1.73947716e+01
   1.77032623e+01  1.22904243e+01  8.58836555e+00 -3.77690911e-01
   1.03315248e+01  1.52151165e+01  9.19460583e+00 -8.43878388e-01
   4.44210100e+00  3.08625698e+00]
 [ 3.40074152e-02  9.43321586e-01 -1.00791597e+00 -1.01285906e+01
  -2.56746244e+00 -7.70770788e+00 -1.54996004e+01 -1.24109783e+01
  -4.03485870e+00 -1.81269324e+00 -6.84750986e+00 -5.16282940e+00
  -1.45866334e+00  6.24040079e+00  8.17357540e+00  9.81490707e+00
   1.01667948e+01  8.06792450e+00  4.14197922e+00 -2.28492355e+00
  -3.26734042e+00 -5.57023573e+00]
 [-3.35122204e+00 -4.89765215e+00 -1.50522351e+00 -1.76753950e+00
  -5.00930977e+00 -6.46788311e+00 -1.35240340e+00  8.28662300e+00
   3.38118029e+00 -2.11687654e-01  7.60980797e+00 -2.92490435e+00
   1.90455329e+00  1.20643101e+01  5.54228592e+00 -9.55877495e+00
  -1.08122959e+01 -1.23405275e+01  3.58130336e-02 -8.41723204e-01
   7.59909034e-01 -1.40536952e+00]
 [ 4.45027065e+00  4.56784725e+00  7.48473358e+00  1.14272051e+01
   1.01021471e+01  1.39146547e+01  4.87653446e+00  7.21910572e+00
   1.02069740e+01  4.00208139e+00  2.29774117e-01 -4.38361645e+00
  -7.75909042e+00 -1.09754629e+01 -1.02176876e+01 -2.45681643e+00
   3.42601538e-02  2.49822927e+00  5.66316891e+00  3.48599052e+00
   2.33306074e+00 -1.20717931e+00]
 [ 4.32486820e+00  1.51017368e+00 -1.43347442e-01  3.55822420e+00
   8.53650951e+00  3.76609468e+00  1.77340364e+00 -1.57240391e+01
  -8.46432400e+00 -9.70754528e+00 -8.85120201e+00  1.69567823e+00
   1.30257397e+01  9.47327900e+00  1.10632229e+01  1.43578167e+01
   2.72313476e+00  4.67979860e+00  4.05090046e+00  2.12360692e+00
   8.05503464e+00  3.35390282e+00]
 [ 1.40870988e+00  7.20814991e+00  1.24561596e+01  1.26457520e+01
   9.24089432e+00  7.03293562e+00  9.03878975e+00  8.51987076e+00
  -1.40462470e+00  7.18088055e+00  9.39909840e+00  7.06194925e+00
   2.71610498e+00 -1.06935024e+00 -7.18117571e+00 -4.00142860e+00
   4.37888026e-01  6.84551239e+00  3.11803865e+00  4.78249311e+00
   1.05984287e+01  7.03739357e+00]]
 Number of windows mfccs :40
 Number of windows mfccs_htk :20
 Length of each feature mfccs :44
 Length of each feature mfccs_htk :22