MFCCS : 
[[-398.27426    -395.1104     -399.88538    ... -356.89346
  -375.601      -386.84827   ]
 [ 124.42934     125.22295     124.90695    ...  128.69637
   129.56802     123.50717   ]
 [  23.296062     27.301136     30.352987   ...    7.8017473
    16.776896     25.506336  ]
 ...
 [   0.9096738     1.0538015    -2.3337893  ...   -3.2951272
    -1.574269     -0.58824897]
 [   0.8075999    -3.8229828    -3.951878   ...    4.6453557
     2.6506593     1.902569  ]
 [   2.3957558    -0.60062623   -4.790589   ...   -4.7889004
    -2.5741382    -2.7502754 ]]
 MFCCS_htk : 
[[-3.89970764e+02 -3.95817596e+02 -3.89603973e+02 -2.33327576e+02
  -1.25504646e+02 -9.93445053e+01 -1.49436127e+02 -1.66876251e+02
  -2.30742722e+02 -3.16344849e+02 -3.27758545e+02 -1.44413589e+02
  -1.96465561e+02 -1.82737015e+02 -1.88475632e+02 -1.95008682e+02
  -2.10108749e+02 -2.31120499e+02 -2.45110397e+02 -2.76875946e+02
  -3.32752075e+02 -3.71973419e+02]
 [ 1.49994751e+02  1.43150452e+02  1.36848770e+02  1.06364532e+02
   1.24666733e+02  1.60344574e+02  1.34760834e+02  1.31904343e+02
   1.37874146e+02  1.40329285e+02  1.35938934e+02  6.47349548e+01
   1.22976761e+02  1.43901138e+02  1.57270050e+02  1.63083313e+02
   1.60176285e+02  1.49687241e+02  1.33189697e+02  1.28251007e+02
   1.38280853e+02  1.50291763e+02]
 [ 3.25927696e+01  3.18310242e+01  3.47238884e+01 -6.18299255e+01
  -1.09093140e+02 -1.20847427e+02 -9.40725327e+01 -7.26461868e+01
  -3.37538643e+01  5.03612041e+00  2.29575768e+01 -5.10359344e+01
  -5.76423798e+01 -7.11520233e+01 -7.14425049e+01 -6.79743652e+01
  -6.09735031e+01 -5.65577164e+01 -5.30311584e+01 -4.07244682e+01
  -7.00367355e+00  2.41385708e+01]
 [ 6.71898727e+01  6.35489693e+01  6.54561462e+01  8.52579041e+01
   6.65014954e+01  3.35456924e+01  6.22315063e+01  7.41246796e+01
   8.45662537e+01  7.85376968e+01  8.26853027e+01  1.32713013e+02
   8.68057022e+01  5.89921417e+01  4.54868164e+01  4.12443924e+01
   4.19606781e+01  4.68814278e+01  5.33618050e+01  5.94361000e+01
   5.45926361e+01  5.71199036e+01]
 [ 2.15134506e+01  7.95916080e+00  4.77427864e+00 -1.71900520e+01
  -3.34028130e+01 -4.95752335e+01 -3.98581200e+01 -4.38789062e+01
  -3.41459846e+01 -6.70359898e+00 -1.24445963e+01 -7.64359131e+01
  -3.40232239e+01 -3.97549744e+01 -4.44691048e+01 -4.95513268e+01
  -3.90273857e+01 -2.51216354e+01 -2.66298752e+01 -1.34531107e+01
  -8.39011860e+00  4.70637512e+00]
 [ 2.40556526e+01  1.47823391e+01  1.92985077e+01  4.08426971e+01
   4.50452080e+01  5.09837494e+01  5.24830780e+01  4.17905731e+01
   2.65348473e+01  1.92379742e+01  1.90919971e+01  3.99744720e+01
   2.60916977e+01  3.18626289e+01  2.95338898e+01  2.78481865e+01
   2.95930862e+01  3.25744133e+01  3.96456757e+01  4.09655838e+01
   3.51833038e+01  3.16834412e+01]
 [ 1.58616409e+01  1.10835724e+01  3.39218593e+00 -5.06134796e+00
  -1.76858368e+01 -8.80813980e+00 -7.06889153e+00 -1.18184862e+01
  -1.18432007e+01 -7.45908403e+00 -5.18628120e+00 -1.63565331e+01
  -1.47058239e+01 -5.82330585e-01  6.58540249e+00  1.17978077e+01
   1.03273821e+01  1.06410828e+01  1.61121674e+01  1.51435480e+01
   2.21592369e+01  2.33481216e+01]
 [ 1.65626488e+01  9.90678787e+00  1.51930923e+01  1.32060013e+01
   2.58892365e+01  1.22975397e+01  8.52583122e+00  2.00012636e+00
  -9.84774017e+00  1.89276314e+00  3.60615301e+00  2.55093536e+01
   5.32289791e+00  9.47688198e+00  1.68755665e+01  1.98447380e+01
   2.66885567e+01  3.04919701e+01  2.80853844e+01  2.24065895e+01
   1.65358028e+01  1.20897293e+01]
 [ 9.72400856e+00  5.66652298e+00  6.45605612e+00  1.95973167e+01
   1.47384148e+01  1.17362251e+01  8.52502346e+00  8.54110432e+00
   8.99722767e+00  3.65128064e+00 -4.35900211e+00 -1.15505924e+01
   5.38473606e-01  7.59846306e+00  1.38679371e+01  1.91837025e+01
   6.05187988e+00  5.38631618e-01  1.68899560e+00  5.82397461e-01
  -1.05230510e+00  2.01854205e+00]
 [ 5.89298439e+00  3.69142032e+00  3.55292177e+00  1.63887215e+00
  -9.93836403e+00 -9.35433769e+00 -3.98480225e+00  5.08499193e+00
  -2.07326621e-01 -1.00741577e+01  3.27010012e+00  3.76838756e+00
   1.02787838e+01  5.65449858e+00 -9.90699863e+00 -1.46223364e+01
  -1.57130175e+01 -1.99406109e+01 -7.57911301e+00 -5.65490532e+00
  -4.46378613e+00  2.59916782e+00]
 [ 1.18438711e+01  1.20857811e+01  1.38709354e+01  1.27547951e+01
   3.55595636e+00  1.76209106e+01  3.00579529e+01  2.55959053e+01
   1.77257557e+01  1.85173283e+01  1.47989025e+01  1.80673866e+01
   3.16383419e+01  2.93231506e+01  2.48406830e+01  2.40487213e+01
   2.66227837e+01  2.09136829e+01  2.59924488e+01  2.65756073e+01
   2.48026047e+01  1.64022942e+01]
 [ 2.33013082e+00  2.86460066e+00 -1.87957478e+00 -7.40557766e+00
  -1.72656441e+01 -2.33258591e+01 -2.44981384e+01 -2.41927299e+01
  -9.74291992e+00  1.25716572e+01  6.49941325e-01 -1.91204567e+01
  -4.78852510e+00 -3.10781503e+00 -3.72046113e-01 -4.86626863e-01
  -1.36750336e+01 -1.04846678e+01 -1.11624489e+01 -1.61989098e+01
  -1.04766617e+01  2.07482553e+00]
 [ 1.07794704e+01  7.00024700e+00  8.88011169e+00  1.64682541e+01
   1.57781410e+01  1.29734306e+01  1.25225525e+01  1.47402782e+01
   1.62817345e+01  1.69866312e+00  1.13570805e+01  3.51364288e+01
   6.76117086e+00 -8.35101604e+00 -6.17123699e+00 -8.32868814e-01
   9.76095963e+00  6.29735708e+00  1.00742054e+01  8.80356407e+00
   7.43544197e+00  1.29030590e+01]
 [ 5.36285114e+00  1.35768259e+00 -2.07815766e-02 -2.32403249e-01
  -3.92653799e+00  2.20612454e+00 -4.69202161e-01  7.45308924e+00
   9.36950684e+00  1.82312226e+00 -6.71154797e-01 -1.59242840e+01
  -1.11366444e+01 -1.21549377e+01 -1.02215672e+01 -6.76508713e+00
  -4.85835075e+00 -5.61441946e+00  5.01227617e-01  9.65677071e+00
   1.26364422e+01  7.26239300e+00]
 [ 1.02654848e+01  7.08057976e+00  8.71891594e+00  6.38979626e+00
   2.16095428e+01  1.30223942e+01  2.95226395e-01 -6.82682276e-01
   1.89416671e+00  1.42942944e+01  1.56890497e+01  1.57117109e+01
   1.75842361e+01  1.20688705e+01  6.96356106e+00  2.56339097e+00
   1.60392344e-01  1.45505238e+01  1.42810326e+01  5.86059189e+00
  -2.69773793e+00  4.44644737e+00]
 [ 8.29491913e-02  1.92247939e+00 -4.37632680e-01 -6.81552601e+00
  -1.00104561e+01 -2.54717922e+00 -9.39869404e+00 -1.42085571e+01
  -5.84171104e+00 -1.01927137e+01 -6.76645470e+00 -5.85470533e+00
  -6.19364786e+00  6.00034142e+00  1.27362947e+01  1.54594994e+01
   2.12293777e+01  1.63167782e+01  7.48695898e+00  3.61258125e+00
  -5.05194187e-01  2.43491292e+00]
 [-5.80776453e+00 -1.52826095e+00 -3.21673536e+00 -3.42294741e+00
  -2.14732170e+00 -1.06164722e+01 -1.22438946e+01 -3.12765121e-01
   3.52991581e+00 -7.08135188e-01  5.72470784e-01  5.32481813e+00
  -1.03210430e+01 -1.56580746e+00 -2.26255035e+00 -6.14245129e+00
  -9.41666317e+00 -1.20877771e+01 -1.16828022e+01 -3.60396719e+00
   1.79062200e+00  1.57459855e+00]
 [ 8.75779915e+00  3.77168846e+00  6.92353678e+00  2.72019291e+00
   1.04221096e+01  9.80786800e+00  1.46507921e+01  9.45910835e+00
   8.24077606e+00  9.86573029e+00  4.85332012e-01 -8.08328509e-01
  -2.21788478e+00 -1.09739914e+01 -1.45062840e+00  2.38835478e+00
   3.62036872e+00 -7.14638948e-01  7.26224422e-01  1.77681172e+00
   1.40061677e+00  5.47575092e+00]
 [ 5.93634987e+00  1.86613166e+00  2.97347546e-01  1.15416110e+00
   8.12228394e+00  8.33719063e+00 -1.43727899e-01 -6.30102921e+00
  -1.08967819e+01 -5.80273914e+00 -6.58534575e+00 -7.21677494e+00
  -3.94454598e-01  1.59348831e+01  1.57984953e+01  1.29686050e+01
   8.20112514e+00  5.88178825e+00  8.18011379e+00  8.08168983e+00
   4.31245136e+00  5.35981083e+00]
 [ 3.30197358e+00  6.68476105e+00  4.82773209e+00  3.40195847e+00
   9.22914886e+00  9.53259850e+00  6.32761955e+00  9.92973042e+00
   3.29504108e+00  1.59215903e+00  7.66932917e+00  7.95897961e+00
   1.00892162e+01  2.81414342e+00 -1.04268541e+01 -9.84897614e+00
  -7.97413635e+00  7.45387197e-01  3.04430223e+00  4.50836039e+00
   6.63829851e+00  6.90902996e+00]]
 Number of windows mfccs :40
 Number of windows mfccs_htk :20
 Length of each feature mfccs :44
 Length of each feature mfccs_htk :22