MFCCS : 
[[-345.98306   -359.24658   -368.07877   ... -361.5153    -343.14597
  -323.8473   ]
 [  93.49229    108.512924   111.23717   ...  117.99983     83.73825
    61.945206 ]
 [  17.110987     8.251581     3.2232769 ...   -1.7822702   26.086275
    42.05851  ]
 ...
 [  -1.6661048   -5.412445    -6.563997  ...   -4.297578    -5.9239326
    -9.322546 ]
 [  -4.7603283   -6.832758    -5.281853  ...   -3.384752    -4.424344
    -4.613254 ]
 [   1.4779153    1.7187834   -0.4138775 ...   -2.8702528    1.1881859
     6.3812127]]
 MFCCS_htk : 
[[-3.34936920e+02 -3.63430786e+02 -2.65640045e+02 -1.75247787e+02
  -1.28932068e+02 -1.40851364e+02 -1.81365616e+02 -2.35905777e+02
  -2.95631226e+02 -3.21719635e+02 -1.39064209e+02 -1.94734741e+02
  -1.83456406e+02 -1.99112228e+02 -1.84486801e+02 -1.86094040e+02
  -2.21566147e+02 -2.34546875e+02 -2.78603363e+02 -3.26691742e+02
  -3.53696564e+02 -3.32830994e+02]
 [ 1.16085297e+02  1.30188782e+02  1.03971565e+02  1.02400459e+02
   1.66462051e+02  1.45239517e+02  1.34302643e+02  1.39724152e+02
   1.49266510e+02  1.42266602e+02  8.16631165e+01  1.28878830e+02
   1.50532623e+02  1.59453064e+02  1.63625290e+02  1.57399704e+02
   1.42385788e+02  1.30627655e+02  1.22955765e+02  1.35264679e+02
   1.36438232e+02  1.03088272e+02]
 [ 2.49755135e+01  4.47482872e+00 -3.72190170e+01 -9.91998444e+01
  -1.02649551e+02 -1.13885605e+02 -7.40824661e+01 -3.86901665e+01
  -1.29216471e+01  6.11993885e+00 -6.45884094e+01 -6.53672256e+01
  -7.75867462e+01 -6.74174042e+01 -7.74179840e+01 -7.68479233e+01
  -6.09469643e+01 -5.31250801e+01 -3.51790962e+01 -1.48399496e+01
  -2.21967268e+00  3.36523514e+01]
 [ 7.87880936e+01  8.67180710e+01  8.84363861e+01  7.97906494e+01
   3.76247673e+01  5.00753555e+01  7.62558670e+01  8.26012421e+01
   7.74606934e+01  8.49184799e+01  1.17716225e+02  7.94849396e+01
   4.36422539e+01  3.81034698e+01  4.32605667e+01  4.85493240e+01
   5.69326019e+01  6.00079880e+01  6.87256317e+01  6.74523773e+01
   7.17194824e+01  7.00213623e+01]
 [ 1.84971085e+01  7.55570936e+00 -1.49853287e+01 -1.95942307e+01
  -4.24859009e+01 -2.40726719e+01 -2.99632149e+01 -2.22263317e+01
  -5.02853012e+00 -6.13818169e+00 -6.42547150e+01 -2.53461647e+01
  -3.40489807e+01 -4.31921844e+01 -4.49527779e+01 -4.99584961e+01
  -3.35920181e+01 -4.04879608e+01 -2.65844212e+01 -6.34090614e+00
   3.70689249e+00  2.30279846e+01]
 [ 1.40123463e+01  9.76625729e+00  4.20998611e+01  5.43390274e+01
   3.30651245e+01  4.59695930e+01  3.34904404e+01  1.85281715e+01
   1.34320621e+01  9.43676567e+00  3.76313248e+01  2.55785770e+01
   3.77275124e+01  3.54463005e+01  2.69357491e+01  2.94100151e+01
   4.24823837e+01  4.21315804e+01  4.36546173e+01  3.17257957e+01
   1.95950623e+01  1.52361031e+01]
 [ 1.91260414e+01  1.81161575e+01 -6.64422321e+00 -8.79474258e+00
  -5.34925461e+00 -5.62720251e+00 -9.87769794e+00 -1.23272800e+01
  -7.48626423e+00  1.48340464e-01 -2.44289742e+01 -2.53989658e+01
  -8.75417614e+00  1.40839901e+01  1.80737534e+01  2.10658684e+01
   1.47503090e+01  1.37670650e+01  2.32832699e+01  2.37712460e+01
   2.42645607e+01  1.70703888e+01]
 [ 1.96282539e+01  5.78920078e+00  1.67570686e+01  2.15165100e+01
   1.15784464e+01  2.08939314e+00  1.89535427e+00 -6.69004083e-01
  -1.42907584e+00  7.65214026e-01  2.98775902e+01  5.65340996e+00
   1.48148518e+01  1.85704899e+01  2.09860001e+01  2.03223438e+01
   1.91713409e+01  2.08647041e+01  1.62487164e+01  7.44218397e+00
   9.70221138e+00  1.30674362e+01]
 [-1.00896209e-02  1.99188757e+00  1.24995880e+01  1.85056038e+01
   8.29753876e+00  1.17497892e+01  1.09169493e+01  7.85842133e+00
   8.58023262e+00 -4.37370682e+00 -9.59488869e+00  7.21933270e+00
   1.44696627e+01  9.47250080e+00  7.23334694e+00  9.61118317e+00
   8.55402184e+00  1.35083265e+01  5.58324051e+00  3.96336937e+00
  -1.18338835e+00  1.56225336e+00]
 [ 1.66094646e+01  7.42760992e+00 -1.03029668e-01 -2.15748858e+00
  -1.54404163e+00  8.72755432e+00  4.58934879e+00  3.51197910e+00
  -3.75256395e+00  2.94661808e+00 -8.70630026e-01  1.60425930e+01
   7.33796263e+00 -4.10437584e+00 -1.22316628e+01 -8.16023064e+00
  -1.51310616e+01 -6.84097099e+00 -7.17729521e+00 -6.31699610e+00
  -1.48741102e+00  1.36135654e+01]
 [ 1.19902821e+01  1.66587620e+01  2.21311703e+01  9.38329411e+00
   9.63509560e+00  1.33299084e+01  1.76157036e+01  1.62807369e+01
   1.76787453e+01  1.99699154e+01  3.19050293e+01  3.21991692e+01
   2.76627884e+01  2.19500504e+01  2.36947975e+01  2.54819336e+01
   2.62445068e+01  2.70347328e+01  2.60206833e+01  1.64516068e+01
   1.41559582e+01  1.10995979e+01]
 [ 1.63199806e+00  4.11591291e+00 -5.22941399e+00 -1.51477184e+01
  -8.47886276e+00 -8.65297699e+00 -9.09455490e+00  5.59962559e+00
   1.02820969e+01  2.55607486e+00 -1.61869125e+01 -1.48445559e+01
  -8.27258492e+00 -3.76337934e+00 -1.68775082e+00 -1.27544928e+01
  -8.22440720e+00 -1.19769707e+01 -3.90994501e+00  3.94239044e+00
   4.91054726e+00  3.71679163e+00]
 [ 1.11898422e+01  7.80779457e+00  8.19274712e+00  1.63895664e+01
   6.79311895e+00  4.62199783e+00  2.02902508e+00  1.34733343e+01
   8.45761776e-01  4.25950623e+00  3.69225922e+01  7.07521629e+00
  -2.79051161e+00 -7.09922695e+00 -6.50022793e+00  6.07055426e-02
  -1.26899576e+00 -2.64083004e+00  2.84131050e+00  8.03671455e+00
   1.04010143e+01  4.84318256e+00]
 [-1.98527873e+00 -1.87074876e+00 -3.98397875e+00  1.35502970e+00
   2.13330722e+00  3.00181770e+00  7.17848635e+00  9.18644667e-02
  -6.32350266e-01 -2.75668025e+00 -1.30695429e+01 -5.24104118e+00
  -1.44468813e+01 -6.74505043e+00 -5.56576920e+00 -2.38967276e+00
  -6.16535997e+00 -2.20129919e+00 -2.64240026e-01  7.80761433e+00
   4.57205343e+00  3.57563066e+00]
 [ 1.04533176e+01  5.82721615e+00  1.35969467e+01  2.10557384e+01
   1.54718342e+01  9.15512085e+00  4.75817680e+00  4.89262962e+00
   9.73342705e+00  5.55829811e+00  5.19941032e-01  1.15579224e+01
   1.04033394e+01  8.63010120e+00  6.51851940e+00  1.98708832e+00
   8.81455898e+00  1.25037460e+01  3.50720000e+00  4.35962152e+00
   6.60218525e+00  5.76198435e+00]
 [ 2.36471772e-01  3.19224834e+00 -4.44084263e+00 -1.10958309e+01
  -1.14849415e+01 -2.26749268e+01 -2.10785675e+01 -1.70680923e+01
  -3.68863153e+00 -2.66983151e+00 -8.68509865e+00 -3.62867165e+00
   3.87709498e+00  2.16667747e+00  7.33466291e+00  1.05761566e+01
   6.53871298e+00  4.18770838e+00 -6.12045145e+00 -4.76391983e+00
  -8.29264224e-01 -2.98969483e+00]
 [-1.36817217e-01 -4.77115011e+00  2.51568842e+00  1.17551804e+00
   1.44815361e+00  3.27217460e+00  1.32263317e+01  9.68288326e+00
   4.15046406e+00  2.66432452e+00  4.95735216e+00 -4.98126268e+00
  -6.88117683e-01  8.49404240e+00  5.90801620e+00 -2.04965997e+00
  -6.82148314e+00 -2.14210987e-01  1.63481295e-01 -6.66408777e-01
  -4.66427898e+00 -1.45323902e-01]
 [ 1.02758694e+01  4.92376566e+00  6.38671064e+00  1.09192638e+01
   3.50517297e+00  3.27041435e+00  1.82866454e+00  1.56949961e+00
   6.02873898e+00  5.24002314e-03  3.22011375e+00  2.50178909e+00
  -2.38850856e+00 -1.72221291e+00 -1.28025508e+00  2.03109717e+00
   7.45410013e+00  8.33144855e+00  7.96896553e+00  6.65698051e+00
   4.24792194e+00  6.68120718e+00]
 [ 3.65413809e+00  4.92311764e+00  4.76580381e+00  4.34709311e-01
   1.07475471e+01  8.13492775e+00  2.37687826e-02 -1.10040588e+01
  -5.04606056e+00 -2.68300676e+00 -8.20576382e+00  7.96121502e+00
   9.51708126e+00  8.18659973e+00  5.03611660e+00  2.67076635e+00
   4.13698483e+00  2.30225372e+00  3.78831959e+00  5.45744562e+00
   8.13470364e+00  7.97176313e+00]
 [ 7.25041628e+00  6.81323385e+00  9.13770771e+00  1.02560825e+01
   1.17552147e+01  8.80607700e+00  1.27904634e+01  1.56434326e+01
   9.20452774e-01  3.91241288e+00  9.92297554e+00  4.30816603e+00
   3.85681629e+00 -2.02595973e+00 -6.39050627e+00 -5.51889229e+00
   6.02198744e+00  6.24847460e+00  1.10031757e+01  8.73494530e+00
   8.71943283e+00  3.29342771e+00]]
 Number of windows mfccs :40
 Number of windows mfccs_htk :20
 Length of each feature mfccs :44
 Length of each feature mfccs_htk :22