MFCCS : 
[[-4.04061615e+02 -3.98881409e+02 -3.91328613e+02 ... -3.96258850e+02
  -4.00431671e+02 -3.96198334e+02]
 [ 1.20495026e+02  1.22686920e+02  1.18088753e+02 ...  1.22555710e+02
   1.25361465e+02  1.17264496e+02]
 [ 2.91125660e+01  2.80591354e+01  2.67094555e+01 ...  2.61586456e+01
   2.94497871e+01  3.32278214e+01]
 ...
 [-3.23952436e+00 -3.38685083e+00 -1.39568496e+00 ... -3.93320227e+00
  -4.00925112e+00 -2.12774992e+00]
 [ 1.25967884e+00 -3.07759523e-01 -6.62768459e+00 ... -8.27884483e+00
  -6.22002077e+00 -4.38151550e+00]
 [-2.82432270e+00 -3.23561668e-01 -3.43364954e-01 ... -1.19778597e+00
  -2.88672507e-01 -2.21891475e+00]]
 MFCCS_htk : 
[[-3.94268768e+02 -3.85149902e+02 -3.29420380e+02 -1.77721817e+02
  -1.21365570e+02 -9.36815033e+01 -1.67847336e+02 -2.00812057e+02
  -2.85018188e+02 -3.33531219e+02 -1.86096069e+02 -1.47819016e+02
  -1.69261536e+02 -1.56663010e+02 -1.56421951e+02 -2.16816437e+02
  -2.61125916e+02 -2.87442322e+02 -3.19115326e+02 -3.55084045e+02
  -3.85443878e+02 -3.93007080e+02]
 [ 1.44129227e+02  1.36297119e+02  1.19115997e+02  1.03582031e+02
   1.49831909e+02  1.55685654e+02  1.45552216e+02  1.38838287e+02
   1.46040497e+02  1.53589188e+02  6.15255585e+01  1.16130028e+02
   1.42701263e+02  1.59271301e+02  1.50069275e+02  1.58060196e+02
   1.40235474e+02  1.31282013e+02  1.39412979e+02  1.39715973e+02
   1.40007278e+02  1.45565048e+02]
 [ 3.65823631e+01  2.82629032e+01 -6.79919338e+00 -8.68606110e+01
  -1.02302979e+02 -1.30701996e+02 -9.52254333e+01 -6.74099426e+01
  -2.07023792e+01  1.21897297e+01 -4.47814331e+01 -8.73062286e+01
  -8.38100739e+01 -9.32758636e+01 -8.64896851e+01 -5.35521584e+01
  -3.54835892e+01 -2.71126175e+01 -1.46840038e+01  4.39496803e+00
   2.23333015e+01  3.45616188e+01]
 [ 7.85508575e+01  7.63010788e+01  8.07649231e+01  8.76260986e+01
   4.63932343e+01  3.36623993e+01  6.14046936e+01  7.34360504e+01
   7.54707794e+01  7.16828156e+01  1.31963226e+02  9.35323486e+01
   5.68408813e+01  3.83101921e+01  4.65304489e+01  4.99231949e+01
   5.61618958e+01  5.52737198e+01  5.09870300e+01  5.91139336e+01
   6.67641907e+01  7.31662598e+01]
 [ 1.03911724e+01  6.13030195e-01  4.08739948e+00 -2.90971622e+01
  -4.17265091e+01 -3.40459671e+01 -1.86628990e+01 -1.69346542e+01
  -2.55440760e+00  2.01403689e+00 -6.26654968e+01 -3.65590973e+01
  -3.76203842e+01 -5.06607590e+01 -6.17403564e+01 -4.41432953e+01
  -3.07261353e+01 -2.98778229e+01 -1.55295801e+01 -4.48739958e+00
   4.61666059e+00  8.44075775e+00]
 [ 1.71181908e+01  1.38535223e+01  2.91145172e+01  4.49244652e+01
   3.83096313e+01  4.47485657e+01  3.42952576e+01  2.69944820e+01
   1.60550156e+01  1.14759359e+01  5.05272064e+01  2.73071785e+01
   3.31702499e+01  2.81754875e+01  3.23261719e+01  2.95169315e+01
   4.11708870e+01  4.98658829e+01  4.82592850e+01  3.60941010e+01
   2.00043144e+01  1.23965816e+01]
 [ 1.96875362e+01  1.62562046e+01 -1.17433224e+01 -1.06251640e+01
  -1.71912689e+01 -1.96027374e+01 -7.16801929e+00 -1.81484261e+01
  -1.37532930e+01 -1.19951420e+01 -1.43349190e+01 -3.44059601e+01
  -1.19092484e+01  5.87199306e+00  9.71444511e+00  1.13371391e+01
   1.46994467e+01  2.29613895e+01  2.43054447e+01  2.24593525e+01
   1.38930016e+01  1.64392204e+01]
 [ 1.09814854e+01  1.22139320e+01  1.44437943e+01  1.70988197e+01
   1.81368103e+01  1.83255196e+01  4.89942932e+00  6.10252285e+00
  -1.34153342e+00 -1.68750906e+00  1.83712196e+01  5.69612312e+00
   5.67540169e+00  1.94272461e+01  2.48886528e+01  1.67609558e+01
   2.11880989e+01  1.56834507e+01  9.25371742e+00  5.75399685e+00
   6.14717674e+00  1.38406210e+01]
 [ 9.87986183e+00  4.15874839e-01  2.17227631e+01  2.13179817e+01
   7.23115015e+00  1.65246849e+01  1.37391090e+01  9.57831097e+00
   1.17981834e+01  8.24878120e+00 -6.44183636e+00  1.17368288e+01
   1.50733595e+01  1.40472431e+01  1.68121262e+01  1.04798450e+01
   3.60892820e+00  3.76089621e+00  3.63167167e+00  3.36444283e+00
   6.68910122e+00  8.08529282e+00]
 [ 9.52332497e+00  2.72859383e+00  3.65212941e+00  6.60713291e+00
  -6.20703697e-01  2.78791237e+00  7.35972977e+00  2.59853077e+00
   2.94971204e+00  2.96828032e+00 -4.08275795e+00  8.90314388e+00
   1.28347263e+01  1.22069395e+00 -3.32781982e+00 -1.15374432e+01
  -1.76574821e+01 -8.90506744e+00 -1.07295227e+01 -4.32067871e+00
   4.30300283e+00  1.18028803e+01]
 [ 1.29060688e+01  1.62684364e+01  8.73973560e+00  1.23120117e+01
   1.00980353e+00  3.62131715e+00  5.57429123e+00  1.22175579e+01
   3.86283302e+00  1.01308956e+01  2.96148834e+01  2.81149387e+01
   2.71843052e+01  2.71091595e+01  3.04504814e+01  2.88841343e+01
   2.30852642e+01  2.94567566e+01  2.14061661e+01  1.38345985e+01
   1.10620508e+01  1.47303534e+01]
 [ 7.34781075e+00  2.75294065e-01 -2.46738315e+00 -6.42844534e+00
  -7.60433865e+00 -5.81028748e+00 -1.23010769e+01 -6.64761114e+00
   7.87838459e+00  8.16135216e+00 -1.60119095e+01 -4.88701725e+00
   3.13067889e+00  6.43916225e+00  1.89096522e+00 -2.07768965e+00
  -5.98227787e+00 -6.31588459e+00 -2.27329063e+00 -7.23598003e-02
  -2.45215702e+00 -1.68902099e-01]
 [ 1.04526281e+01  9.16574574e+00  1.57699280e+01  1.34306192e+01
   1.66105995e+01  9.85844898e+00  6.57699013e+00  1.38976545e+01
   1.31100063e+01  3.44197226e+00  2.84892902e+01  1.40464725e+01
  -6.45160866e+00 -4.84232521e+00 -4.43316936e+00 -1.67753851e+00
   5.29850578e+00  1.69241273e+00  3.80177975e+00  1.04609337e+01
   5.48930836e+00  8.09887123e+00]
 [ 7.04468668e-01 -1.32566676e-01 -3.63031054e+00 -4.12371874e+00
  -8.23737812e+00 -5.92161179e+00  9.73673820e+00  7.99836445e+00
  -7.34254658e-01 -1.03218853e-01 -7.48828602e+00 -6.69857025e+00
  -1.24985332e+01 -1.34868231e+01 -1.40314693e+01 -6.30148077e+00
  -2.23090291e+00  3.98847342e+00  1.24521475e+01  1.12822533e+01
   1.01869850e+01  7.27936077e+00]
 [ 9.24689484e+00  8.09100056e+00  1.04016514e+01  2.06072655e+01
   3.06386604e+01  2.53457413e+01  9.67529678e+00  8.28101540e+00
   1.49391308e+01  1.35141773e+01  1.19429436e+01  1.98663330e+01
   1.93854599e+01  8.58863449e+00  5.28736258e+00 -2.00094676e+00
   4.90602112e+00  9.91666985e+00  5.90303421e+00  5.56072521e+00
   1.25200262e+01  9.02233505e+00]
 [ 4.57911730e+00  3.65652633e+00 -3.93365669e+00 -1.46934509e+01
  -1.21250057e+01 -1.89730721e+01 -2.43158073e+01 -2.07003784e+01
  -1.29091301e+01 -6.08207464e+00 -3.42767715e+00 -1.27150154e+01
  -7.65704298e+00  1.05601013e+00  4.79404163e+00  1.05103035e+01
   2.31414652e+00  2.20593184e-01 -5.97471905e+00 -4.14520741e+00
  -3.82839203e+00  9.50516820e-01]
 [ 1.77512503e+00 -2.43995237e+00 -5.16429663e+00 -9.04493153e-01
  -6.76589012e-01  7.17700243e-01  8.40922928e+00  1.02172604e+01
   6.23916101e+00  7.46507168e+00  1.75726604e+00 -3.51333404e+00
   2.44720602e+00  1.06775894e+01  4.85033321e+00 -5.74712706e+00
  -8.77571392e+00 -4.32119179e+00  4.02753735e+00 -1.87014008e+00
  -4.75170565e+00  3.16570520e+00]
 [ 7.17625666e+00  9.67317963e+00  1.04344120e+01  2.80099726e+00
   1.05454330e+01  3.43533707e+00  2.76102924e+00  2.12771416e+00
   5.46257782e+00  2.47667885e+00 -8.20317805e-01  6.32069111e+00
  -1.96170807e+00 -4.64961052e+00 -1.82989788e+00  7.50323892e-01
   3.36354828e+00  4.53509521e+00  8.30508614e+00  4.90942287e+00
   5.59738731e+00  7.98302746e+00]
 [ 4.18241262e+00 -2.84127593e-01  1.79994524e+00 -2.70079315e-01
   3.37497544e+00  5.90713120e+00  3.34057903e+00 -5.36474133e+00
  -1.59494677e+01 -8.64223480e+00 -5.59627914e+00  1.00989580e+00
   1.34886494e+01  9.70952225e+00  1.07362194e+01  1.45373878e+01
   8.04083347e+00  3.92303371e+00  1.60484934e+00  1.35196304e+00
   2.52738047e+00  3.55848598e+00]
 [ 1.06619682e+01  4.67401409e+00  8.92586327e+00  1.22318954e+01
   9.38829231e+00  9.61780548e+00  8.29072857e+00  1.21102276e+01
   6.67787600e+00  1.46182060e-01  9.11655998e+00  5.34680653e+00
   5.00315475e+00 -3.32277584e+00 -9.76983261e+00 -1.24028625e+01
   9.68919563e+00  9.69646454e+00  9.29839325e+00  9.10195255e+00
   8.58520317e+00  5.90798473e+00]]
 Number of windows mfccs :40
 Number of windows mfccs_htk :20
 Length of each feature mfccs :44
 Length of each feature mfccs_htk :22