MFCCS : 
[[-3.5455243e+02 -3.6213724e+02 -3.7007407e+02 ... -3.6890994e+02
  -3.3446732e+02 -3.0445007e+02]
 [ 1.0835051e+02  1.1568689e+02  1.2192216e+02 ...  1.2016910e+02
   8.7640656e+01  6.3130444e+01]
 [ 4.9197594e+01  3.8579800e+01  3.2852875e+01 ...  3.0432274e+01
   4.8615269e+01  5.1270950e+01]
 ...
 [-6.3970299e+00 -3.8892524e+00 -1.9394732e+00 ... -4.4365892e+00
  -5.1472793e+00 -3.1390805e+00]
 [-3.9884994e+00 -4.8757391e+00 -6.3890228e+00 ... -5.3590374e+00
  -3.8721831e+00 -3.2341924e+00]
 [ 2.2217386e+00  1.6186821e-01 -2.4402888e+00 ...  5.6300092e-01
  -2.0416298e+00 -2.4929769e+00]]
 MFCCS_htk : 
[[-3.41816498e+02 -3.63847687e+02 -3.61460815e+02 -3.60789825e+02
  -3.26440491e+02 -2.77870789e+02 -1.80176971e+02 -1.61886230e+02
  -1.49038574e+02 -1.49636826e+02 -1.57897125e+02 -2.01761673e+02
  -2.63489349e+02 -3.44752991e+02 -1.53623276e+02 -2.16526917e+02
  -3.14608154e+02 -3.59435608e+02 -3.64699371e+02 -3.65077179e+02
  -3.61053925e+02 -3.23780487e+02]
 [ 1.27741684e+02  1.41053040e+02  1.41104767e+02  1.39536743e+02
   1.17453278e+02  9.46917267e+01  1.16768372e+02  1.15000244e+02
   1.16634354e+02  1.20686470e+02  1.23082962e+02  1.24959694e+02
   9.66841583e+01  1.34320633e+02  9.06396179e+01  8.15912933e+01
   1.31541046e+02  1.38326813e+02  1.41369965e+02  1.42758759e+02
   1.39475510e+02  1.03466141e+02]
 [ 5.70878563e+01  3.26441116e+01  2.89458618e+01  2.83963776e+01
   1.73326778e+01 -7.75024056e-01 -4.93228455e+01 -7.31721420e+01
  -8.38215027e+01 -7.99906540e+01 -7.40974884e+01 -4.92090454e+01
  -1.14275684e+01  1.80927658e+01 -7.49909973e+01 -4.43631287e+01
  -2.64966321e+00  2.85709763e+01  3.09222374e+01  3.19499149e+01
   3.36537590e+01  5.43275909e+01]
 [ 6.26071777e+01  7.76770782e+01  7.95058594e+01  8.14552689e+01
   1.01549339e+02  1.23217575e+02  1.35901550e+02  1.19501030e+02
   1.10970139e+02  1.06861282e+02  1.01628021e+02  1.10509293e+02
   1.34661377e+02  9.12510071e+01  1.23100632e+02  1.28985687e+02
   8.96568527e+01  8.28226852e+01  7.86919098e+01  7.99695206e+01
   8.00641708e+01  5.91967773e+01]
 [ 2.41322174e+01 -9.65178013e-02  1.85253847e+00  2.03842068e+00
  -1.63655510e+01 -3.18276272e+01 -2.29429016e+01 -1.22883224e+01
  -1.38723021e+01 -1.90563984e+01 -2.03071384e+01 -1.33987579e+01
  -1.87305222e+01  2.26736486e-01 -4.07205353e+01 -3.28374863e+01
   2.57052660e-01  1.39365268e+00  3.77044654e+00  4.21455097e+00
  -1.58493841e+00  1.53836193e+01]
 [ 5.16273594e+00  1.21319599e+01  1.10365372e+01  9.12577438e+00
   1.90306244e+01  2.60038567e+01 -1.32899389e+01 -1.08263874e+00
   7.69756126e+00  5.00458574e+00  1.03297558e+01  2.57743120e+00
   9.60319042e+00  8.59908390e+00  3.40918350e+01  3.21208267e+01
   1.43493080e+01  1.34651213e+01  1.24884968e+01  9.36630440e+00
   1.16138983e+01  1.45604248e+01]
 [ 1.86166191e+01  9.81221199e+00  1.26970654e+01  1.04080486e+01
   1.49765663e+01  1.15855331e+01 -1.87895737e+01 -2.65289841e+01
  -2.52606583e+01 -2.88529472e+01 -2.36373711e+01 -2.07242622e+01
  -8.37102318e+00  1.29649286e+01 -2.84077263e+00  3.34094977e+00
   6.35641050e+00  1.14795532e+01  1.03679848e+01  1.23962927e+01
   1.12937765e+01  9.18666649e+00]
 [ 1.32560863e+01  9.44892120e+00  6.36569405e+00  9.71806526e+00
   4.09871149e+00 -1.43339419e+00  5.93389273e+00  1.35665798e+01
   1.63188744e+01  1.49000473e+01  1.44299202e+01  1.72745495e+01
   2.00147152e+01  9.10949326e+00  1.08803320e+01  1.69000454e+01
   8.32690716e+00  6.51448965e+00  7.38587809e+00  1.17981262e+01
   1.25427065e+01  1.40756321e+01]
 [ 6.70133734e+00  1.10530529e+01  7.14380074e+00  1.22048273e+01
   1.12496214e+01  4.80510187e+00 -8.10092211e-01  8.38650703e+00
   1.73523102e+01  1.93511066e+01  1.82355423e+01  2.09995689e+01
   1.70231133e+01  1.24269123e+01  5.24910355e+00  1.28858976e+01
   1.67306862e+01  1.11868992e+01  9.73541832e+00  8.91168594e+00
   7.46434498e+00  3.06482005e+00]
 [ 8.82683849e+00  2.22431993e+00  4.72638559e+00  4.28325701e+00
   4.62668371e+00  1.09327660e+01 -8.18712592e-01 -3.14068913e-01
   1.91397429e+00  2.82537842e+00  1.42490590e+00 -1.03900375e+01
  -1.90493336e+01 -8.10031772e-01 -7.50513697e+00 -2.65343881e+00
  -2.11305165e+00  3.90313506e+00  4.07393932e+00  3.10087967e+00
   1.06376553e+00  7.60080147e+00]
 [ 5.32840538e+00  1.29280472e+01  1.43640308e+01  1.09757442e+01
   9.18227196e+00  1.52116470e+01  6.80347919e+00  3.84281683e+00
   8.01972008e+00  9.48303604e+00  8.33249283e+00  9.79611015e+00
   1.61391869e+01  1.30278606e+01  1.73616180e+01  2.29130917e+01
   1.09418373e+01  1.53494167e+01  1.58053246e+01  1.47684259e+01
   1.42563686e+01  6.80082893e+00]
 [ 7.28471375e+00  2.02805686e+00  2.50484252e+00 -5.80185711e-01
   1.56182122e+00 -4.58749831e-01  1.20939808e+01  1.69061642e+01
   1.21724453e+01  1.12952538e+01  7.65566158e+00  1.45593271e+01
   4.69565868e+00  3.78949165e+00 -6.06412125e+00 -6.58447552e+00
   2.71441221e+00 -6.56119108e-01 -5.15225232e-02 -4.13235754e-01
   1.04759908e+00  3.62984347e+00]
 [ 3.13233471e+00  3.82834196e+00  4.62668991e+00  4.29997349e+00
   6.20056629e+00  6.84356213e+00  9.27232742e+00  1.45330753e+01
   4.78087330e+00  3.53681993e+00 -1.32502961e+00 -2.62651372e+00
  -1.72314620e+00  3.67221522e+00  1.48675795e+01  6.81294060e+00
   4.26248741e+00 -1.59634566e+00  1.72076762e-01  2.41716528e+00
   4.16550064e+00  6.97973251e+00]
 [ 3.19213533e+00  7.63785362e-01  7.57128417e-01  3.86314988e+00
   7.71739483e-02 -6.97571850e+00 -1.11059093e+01 -1.29288330e+01
  -1.43961811e+01 -1.16562386e+01 -9.00103569e+00 -1.22055378e+01
  -1.20217752e+00  5.71851921e+00  9.24689865e+00 -7.46588349e-01
   3.08871531e+00  4.05719662e+00  3.17838192e+00  1.94683647e+00
   4.18040085e+00  2.31684780e+00]
 [ 1.87977314e-01  7.57578659e+00  6.46342230e+00  7.76975727e+00
   9.63254070e+00  1.03912697e+01  2.27089405e+01  2.04460526e+01
   1.88213425e+01  1.88877754e+01  1.86646767e+01  1.81391716e+01
   1.16020031e+01  4.84858322e+00  2.04241734e+01  6.89717960e+00
   5.32421064e+00  8.53111553e+00  4.08820629e+00  3.94610143e+00
   8.43962288e+00  3.28095102e+00]
 [ 1.60906446e+00  3.18684649e+00  6.70654392e+00  3.73450184e+00
  -6.77429020e-01 -2.95217443e+00 -1.07984304e+01 -1.71708603e+01
  -1.34057579e+01 -1.66272793e+01 -1.69671497e+01 -4.86604738e+00
   4.72832978e-01  2.47488856e+00 -1.27702427e+01 -8.06994438e+00
   8.62501025e-01  4.15719867e-01  3.06166935e+00  2.17922711e+00
  -1.07879579e+00  2.16835928e+00]
 [-3.28960717e-01 -5.51528931e-01  1.20248747e+00  6.09522998e-01
   4.40363836e+00  8.35171223e+00  8.65530205e+00  1.15694294e+01
   7.81635714e+00  9.65377235e+00  1.02042198e+01  4.34588623e+00
   5.02512074e+00  3.71521568e+00  1.44354653e+00  9.76435852e+00
   6.50910378e+00  8.08621764e-01  3.27310300e+00  2.12622595e+00
   3.23619509e+00  4.30207348e+00]
 [ 3.45149469e+00  4.34497356e+00  2.26259303e+00  1.44828844e+00
   5.65124035e-01 -1.96422315e+00 -5.75675011e+00 -9.44864178e+00
  -7.17822552e+00 -3.46569490e+00 -3.07031679e+00 -3.75244427e+00
  -5.02151871e+00  1.27622342e+00 -1.66884708e+00 -1.77251959e+00
   4.36977053e+00  4.80243778e+00 -8.58523846e-02  4.51248789e+00
   6.11824608e+00 -1.04196334e+00]
 [ 2.07781649e+00  4.04542238e-01 -6.10479116e-02 -3.08681965e-01
   9.67358828e-01  4.15179825e+00  5.14004588e-01 -8.71634483e+00
  -9.90856171e-01 -2.96832633e+00 -2.96440482e+00 -1.64785266e-01
   4.38804913e+00  1.42707825e-02 -2.97019529e+00 -1.01454086e+01
  -6.22129345e+00 -1.99790335e+00 -1.12330961e+00 -2.70124674e+00
  -1.85753262e+00  3.07044625e-01]
 [-7.19395936e-01  6.19111633e+00  2.73944545e+00  7.88501978e+00
   9.70009041e+00  1.74180584e+01  1.66928425e+01  1.54973927e+01
   7.79724932e+00  9.92720032e+00  6.85338163e+00  4.18452072e+00
   9.24962234e+00  4.17601824e+00  1.15027256e+01  1.34751186e+01
   5.79466057e+00  4.55848217e+00  7.22664833e+00  3.96428084e+00
   4.83295536e+00  3.54752302e+00]]
 Number of windows mfccs :40
 Number of windows mfccs_htk :20
 Length of each feature mfccs :44
 Length of each feature mfccs_htk :22