MFCCS : 
[[-3.77150574e+02 -3.75647797e+02 -3.91136383e+02 ... -4.00988831e+02
  -3.79836487e+02 -3.51690582e+02]
 [ 9.72310638e+01  9.43933868e+01  1.05255806e+02 ...  1.23606148e+02
   9.41341553e+01  6.74595642e+01]
 [ 4.58450279e+01  3.42886848e+01  3.17214184e+01 ...  2.64246788e+01
   4.84908524e+01  5.29701080e+01]
 ...
 [ 7.71619081e-02  1.07872534e+00  1.14086473e+00 ... -3.96319890e+00
  -3.10259843e+00 -1.23688889e+00]
 [ 2.09127283e+00  3.14312577e-01 -1.45082426e+00 ... -3.02255583e+00
   3.23042989e-01  1.80277359e+00]
 [-9.20749962e-01 -1.10496211e+00 -1.57409644e+00 ... -1.49461806e-01
  -4.43254501e-01  1.60502315e+00]]
 MFCCS_htk : 
[[-3.66349976e+02 -3.85963715e+02 -4.02778137e+02 -2.73401794e+02
  -1.54340546e+02 -8.50173874e+01 -1.01481461e+02 -1.52460556e+02
  -2.34470306e+02 -3.26983704e+02 -3.08948761e+02 -1.59936447e+02
  -1.90422729e+02 -2.10466675e+02 -2.04971619e+02 -1.89452652e+02
  -2.51700104e+02 -2.67359589e+02 -2.95533813e+02 -3.49876892e+02
  -3.90613831e+02 -3.69339813e+02]
 [ 1.14807968e+02  1.25773727e+02  1.42175751e+02  1.13842773e+02
   1.25668839e+02  1.58463776e+02  1.39239685e+02  1.37363586e+02
   1.41805817e+02  1.53535736e+02  1.25603653e+02  7.35662537e+01
   1.33126923e+02  1.52301758e+02  1.67725281e+02  1.53220398e+02
   1.55437714e+02  1.31130707e+02  1.34808563e+02  1.41528320e+02
   1.44881042e+02  1.10339714e+02]
 [ 5.15335617e+01  2.90114899e+01  2.91364594e+01 -3.97716064e+01
  -1.03673752e+02 -1.28340591e+02 -1.31147675e+02 -9.50492706e+01
  -4.70779686e+01 -2.56971741e+00  1.46799302e+00 -5.56599503e+01
  -7.72405701e+01 -6.46710663e+01 -7.16628418e+01 -7.92189178e+01
  -4.79038124e+01 -4.78533669e+01 -3.27125854e+01 -6.24596596e+00
   1.94217052e+01  5.59897308e+01]
 [ 6.81234741e+01  8.60468445e+01  6.50038986e+01  8.85286713e+01
   6.61194000e+01  3.66291008e+01  5.71360550e+01  6.77412109e+01
   7.59132385e+01  6.87173691e+01  9.69029770e+01  1.31921005e+02
   7.61147766e+01  4.87386894e+01  3.55478210e+01  5.29955864e+01
   4.20401993e+01  5.64410324e+01  5.52240219e+01  6.02611237e+01
   5.97414932e+01  5.53912811e+01]
 [ 1.04536209e+01 -7.73244095e+00  5.47922564e+00 -6.55667877e+00
  -3.73050842e+01 -4.22820854e+01 -3.27116699e+01 -3.46931534e+01
  -1.98742828e+01  4.98614740e+00 -1.79186935e+01 -6.44860687e+01
  -3.34912567e+01 -4.21800079e+01 -4.12392426e+01 -4.87091064e+01
  -3.27241821e+01 -2.51573105e+01 -2.47214718e+01 -2.87320352e+00
   7.01786137e+00  1.79308624e+01]
 [ 8.73743820e+00  1.53478527e+01  1.88648682e+01  4.28986969e+01
   4.50740356e+01  5.68736420e+01  5.22991791e+01  4.04385605e+01
   2.43463955e+01  1.81922283e+01  1.84728794e+01  4.32274857e+01
   2.38173637e+01  2.95173378e+01  2.72636318e+01  3.02747955e+01
   3.54105225e+01  4.70517349e+01  4.45009384e+01  3.23895226e+01
   2.46993618e+01  1.87670708e+01]
 [ 2.57807579e+01  1.86638241e+01  1.18472977e+01 -5.04670620e+00
  -7.43033743e+00 -2.00325146e+01 -1.28472900e+01 -1.38086319e+01
  -1.75538616e+01 -1.04495583e+01 -9.61038399e+00 -2.83372154e+01
  -1.81626816e+01  3.41010261e+00  1.06718063e+01  1.40824671e+01
   8.70665455e+00  1.82274628e+01  2.35774002e+01  2.03910713e+01
   1.39911289e+01  9.37608910e+00]
 [ 1.22557545e+01  8.40629196e+00  6.46346951e+00  9.04087353e+00
   1.81935921e+01  1.24801474e+01  3.73457098e+00  1.91228831e+00
   1.95811963e+00 -1.62538171e-01  5.09255791e+00  1.05114546e+01
   4.98127794e+00  1.40158243e+01  1.96541977e+01  1.84731083e+01
   2.34014454e+01  2.71940098e+01  1.90027428e+01  7.84877014e+00
   8.12727070e+00  1.24739161e+01]
 [-2.30830371e-01 -5.50314999e+00  7.19293785e+00  1.14385891e+01
   1.93063297e+01  1.48705139e+01  1.38695240e+01  1.55630207e+01
   1.09367247e+01  1.05651178e+01 -1.57793880e-01 -2.26259089e+00
   1.26312771e+01  8.85332489e+00  7.82840347e+00  1.09070892e+01
   9.55764866e+00  9.49511337e+00  1.03915415e+01  4.91151619e+00
   8.09484577e+00  3.81426620e+00]
 [ 2.12245960e+01  1.26688747e+01  6.32369995e+00 -3.97643018e+00
  -1.70284200e+00  3.39779544e+00  1.50457659e+01  1.03552036e+01
   6.59296274e+00 -1.48397064e+00 -2.58860111e-01  5.77361917e+00
   1.00475397e+01  4.33881670e-01 -4.79812336e+00 -1.55617599e+01
  -1.95545845e+01 -1.45641575e+01 -6.91098404e+00 -4.20712185e+00
   5.57076550e+00  9.83763123e+00]
 [ 8.03684616e+00  1.38871670e+01  1.07117815e+01  1.38106060e+01
   4.24094963e+00  8.43047142e+00  7.02561331e+00  9.74612808e+00
   1.51673336e+01  6.36778450e+00  2.05530167e+01  2.55092945e+01
   3.22371597e+01  2.74070797e+01  2.62783165e+01  2.56751633e+01
   2.66446037e+01  2.17777767e+01  2.40010643e+01  1.76378212e+01
   1.26545267e+01  5.52880669e+00]
 [-2.38223171e+00 -7.54598904e+00  3.02029848e+00  8.14945042e-01
  -1.03959179e+01 -1.84210091e+01 -1.40492697e+01 -1.04303951e+01
  -7.88796473e+00  3.28885603e+00 -7.99119425e+00 -1.61519642e+01
  -3.37221622e+00 -4.42078948e-01 -1.75175309e+00  3.54036689e+00
  -1.44368148e+00 -8.44949532e+00 -8.53281212e+00  1.85502803e+00
  -3.29955935e-01  3.01138091e+00]
 [ 1.15807304e+01  1.79255981e+01  1.05266533e+01  1.29160576e+01
   1.42826300e+01  1.26087799e+01  1.13479977e+01  7.89205837e+00
   1.28463068e+01  2.76705623e+00  1.83720970e+01  3.52322540e+01
  -1.20173883e+00 -1.09577255e+01 -4.09192324e+00 -1.58975148e+00
   1.55156028e+00  2.11188149e+00  6.23655319e-01  6.73131752e+00
   5.15393639e+00  5.97804737e+00]
 [ 5.55406475e+00 -6.45102799e-01  6.78330779e-01 -1.98682022e+00
  -4.74005044e-01 -4.82819605e+00  1.35109091e+00  5.89588928e+00
   6.29059696e+00  5.75894547e+00  1.22409511e+00 -7.39039946e+00
  -5.06076717e+00 -1.10551739e+01 -1.04787121e+01 -6.38362312e+00
  -4.94258165e+00 -1.24822760e+00  3.27571177e+00  9.15406227e+00
  -1.34094462e-01  1.40335429e+00]
 [ 3.36674404e+00  5.98100376e+00  7.65326786e+00  1.30488548e+01
   2.39809990e+01  2.30065842e+01  1.71237373e+01  8.17374802e+00
   6.34421349e+00  1.27211018e+01  6.90598774e+00  1.06418514e+01
   1.87035885e+01  1.84603119e+01  1.13092365e+01  2.60701537e+00
   9.55775070e+00  1.26017151e+01  5.86080647e+00  3.69807243e+00
   5.62096500e+00  6.41063738e+00]
 [ 9.73394036e-01  3.60374069e+00  2.86166143e+00 -1.22125530e+01
  -1.07963657e+01 -1.22277393e+01 -2.80022240e+01 -2.68091145e+01
  -1.79956703e+01 -1.32762203e+01  5.12668133e+00 -1.19147091e+01
  -6.03272438e+00  6.57313347e+00  1.30216160e+01  1.25931988e+01
   1.38114805e+01  6.77498245e+00  2.69779468e+00 -2.65497327e+00
   8.24546933e-01  3.61422420e-01]
 [-2.50482869e+00 -1.34083772e+00 -1.82548332e+00 -1.89871621e+00
  -1.62729967e+00 -2.56198835e+00  1.90274286e+00  8.60941124e+00
   1.06539230e+01  5.42466354e+00  2.79366755e+00 -1.75786483e+00
  -2.60288072e+00  7.54636908e+00  4.45719481e+00  4.08372611e-01
  -1.29925165e+01 -8.96405220e+00 -2.76819229e+00  1.01907659e+00
  -1.73598123e+00 -1.91246390e-01]
 [ 1.51174235e+00  1.13413024e+00  6.00317669e+00  1.05213394e+01
   1.05162373e+01  8.57931900e+00  8.48230362e+00 -1.45658478e-03
   1.12204969e+00  4.20125771e+00  4.38267136e+00  4.94050503e+00
   1.16508245e+00 -4.72670174e+00 -2.88534260e+00 -8.90567684e+00
  -2.01686668e+00 -8.18336606e-01  1.49665678e+00  2.72984362e+00
   4.76257420e+00  9.05911326e-01]
 [ 3.25403833e+00 -3.07839632e+00  2.66057324e+00  4.95684910e+00
   1.10424643e+01  2.09820437e+00  1.70396340e+00  9.96413946e-01
  -1.13581591e+01 -6.55837727e+00 -5.87385750e+00 -2.23506522e+00
   6.20886517e+00  5.10898066e+00  7.35314369e+00  1.29519587e+01
   8.44370842e+00  7.68870687e+00  2.05309057e+00  3.38618517e+00
   2.19898510e+00  2.02856421e-01]
 [ 7.73338461e+00  9.78751373e+00  6.43743515e+00  5.95448589e+00
   8.95505142e+00  1.35827274e+01  8.59031391e+00  8.09997463e+00
   1.47018690e+01  4.34950113e+00  2.16552496e+00  1.03551388e+01
   6.68917084e+00  1.21894884e+00 -2.21533585e+00 -1.03042717e+01
   1.03718328e+00  8.38173771e+00  5.28536034e+00  9.40649700e+00
   6.30303574e+00 -2.72624433e-01]]
 Number of windows mfccs :40
 Number of windows mfccs_htk :20
 Length of each feature mfccs :44
 Length of each feature mfccs_htk :22