MFCCS : 
[[-3.97520447e+02 -4.04795349e+02 -4.11193909e+02 ... -3.92614471e+02
  -3.76005829e+02 -3.58251221e+02]
 [ 1.24520294e+02  1.32886520e+02  1.33063629e+02 ...  1.40741119e+02
   1.14730408e+02  9.27631531e+01]
 [ 4.03868599e+01  2.92773285e+01  2.74298420e+01 ...  1.20042067e+01
   3.52929153e+01  4.69597168e+01]
 ...
 [-7.12524652e+00 -5.22289515e+00 -5.57846594e+00 ... -2.25580764e+00
  -4.32248020e+00 -2.77523184e+00]
 [-5.33811271e-01 -4.35808372e+00 -5.39070892e+00 ... -6.62264228e-01
  -3.21667647e+00 -1.58849955e+00]
 [ 3.31265783e+00  1.03054571e+00 -1.22251987e-01 ...  1.00707769e-01
  -2.68549943e+00 -2.32286406e+00]]
 MFCCS_htk : 
[[-3.84559753e+02 -4.06424469e+02 -3.93741119e+02 -2.53034729e+02
  -1.68510468e+02 -9.99061432e+01 -1.48051651e+02 -1.85390579e+02
  -2.43436417e+02 -3.10955994e+02 -3.38318176e+02 -2.37594803e+02
  -2.24345306e+02 -2.22549728e+02 -1.90161316e+02 -2.01505249e+02
  -2.48834732e+02 -2.64889160e+02 -3.11694946e+02 -3.32194122e+02
  -3.77898590e+02 -3.66703491e+02]
 [ 1.48275665e+02  1.52666077e+02  1.48681686e+02  1.15745872e+02
   1.34197968e+02  1.68839661e+02  1.36944580e+02  1.43196960e+02
   1.47582169e+02  1.53872192e+02  1.54304657e+02  1.04585999e+02
   1.54087830e+02  1.64362885e+02  1.82226288e+02  1.73253326e+02
   1.71436050e+02  1.74156189e+02  1.49908417e+02  1.50394623e+02
   1.60021255e+02  1.33514343e+02]
 [ 5.19663925e+01  2.82218971e+01  2.26953163e+01 -6.24138107e+01
  -1.06515221e+02 -1.37824554e+02 -1.18382355e+02 -7.85237274e+01
  -4.37956085e+01 -1.56088686e+01 -6.54131114e-01 -3.98831902e+01
  -6.55056915e+01 -6.14274216e+01 -8.22241745e+01 -7.54092636e+01
  -5.37170105e+01 -5.01706467e+01 -3.63776932e+01 -1.76228771e+01
   5.94068718e+00  4.46564140e+01]
 [ 7.05508118e+01  7.67620850e+01  7.81123123e+01  9.49472961e+01
   7.65694046e+01  5.29202118e+01  8.01271362e+01  8.10907211e+01
   9.09541779e+01  8.94705658e+01  8.58187027e+01  1.28421951e+02
   7.67126389e+01  5.43120422e+01  3.74921989e+01  4.59927597e+01
   4.97734146e+01  4.67100143e+01  5.74406052e+01  5.50771065e+01
   6.23587875e+01  6.01180534e+01]
 [ 2.10284843e+01 -2.68489552e+00 -5.29931021e+00 -1.51084929e+01
  -2.82773418e+01 -4.50450668e+01 -3.24270935e+01 -3.40312386e+01
  -2.60262470e+01 -4.43587589e+00 -8.98417234e-01 -3.64251671e+01
  -2.21982498e+01 -3.37684822e+01 -4.59422150e+01 -4.73464012e+01
  -3.41535454e+01 -2.63098927e+01 -1.52845192e+01 -1.94198380e+01
  -5.20979404e+00  1.26890430e+01]
 [ 2.08011284e+01  1.72222900e+01  2.11127319e+01  5.37161827e+01
   4.49485626e+01  4.12928925e+01  4.72725716e+01  3.58449783e+01
   2.15770607e+01  1.44970102e+01  1.18031759e+01  2.99416237e+01
   2.27807674e+01  3.10830116e+01  2.54599037e+01  2.99340458e+01
   3.28671799e+01  3.73021698e+01  4.50777931e+01  4.43788223e+01
   2.86134796e+01  2.16614952e+01]
 [ 2.08197517e+01  1.17537537e+01  8.34603214e+00 -4.57010889e+00
  -1.38276119e+01 -1.11386490e+01 -1.11515493e+01 -1.83973179e+01
  -2.25109844e+01 -1.62224274e+01 -1.26761847e+01 -2.22779503e+01
  -1.87904015e+01 -9.69167900e+00  5.72937727e-01  3.83036423e+00
   8.96588802e+00  1.50131254e+01  2.06584320e+01  2.26036854e+01
   2.02291794e+01  1.57586918e+01]
 [ 1.32800131e+01  9.58256531e+00  1.10620489e+01  9.16894722e+00
   1.80512009e+01  4.00347662e+00  3.51170349e+00  7.84404278e+00
   3.48584384e-01  5.31483650e+00  8.17726326e+00  9.72729874e+00
   7.33561611e+00  1.74885998e+01  2.46661491e+01  2.51046753e+01
   2.28324986e+01  2.48174019e+01  1.96854839e+01  1.79334297e+01
   6.78909588e+00  1.35877647e+01]
 [ 4.85873222e+00  1.07859974e+01  1.13935156e+01  1.72703171e+01
   1.51323719e+01  1.50454416e+01  1.58995724e+01  1.11316147e+01
   1.44411297e+01  1.53403311e+01  9.16396713e+00  1.98605371e+00
   1.19912882e+01  9.43226337e+00  1.16443825e+01  9.02829170e+00
   5.62320995e+00  5.86109257e+00 -1.84115052e+00 -4.82069397e+00
   1.37432730e+00  7.96409941e+00]
 [ 1.14717007e+01  4.84723616e+00  3.67162442e+00  3.47574115e-01
  -1.76832795e+00 -4.61781442e-01  1.57941723e+00  7.43314266e+00
   1.35529268e+00 -8.68772602e+00 -6.29190922e-01  1.19412422e+00
   1.15256290e+01  4.15687466e+00 -7.93913424e-01 -7.04548550e+00
  -1.45120373e+01 -2.37723770e+01 -1.39115200e+01 -4.86660814e+00
   2.20536232e-01  1.09525366e+01]
 [ 1.05294237e+01  1.06748657e+01  1.21541080e+01  1.09868088e+01
   6.61896563e+00  7.11589527e+00  1.36927099e+01  9.98983955e+00
   7.44266987e+00  7.20045280e+00  9.58280563e+00  2.31683865e+01
   1.89210167e+01  2.60340805e+01  2.05976982e+01  2.49685078e+01
   2.78293343e+01  1.78557701e+01  2.67129669e+01  2.45617218e+01
   1.81844177e+01  7.36174202e+00]
 [-4.54869175e+00 -1.79969740e+00 -1.46743464e+00 -5.94858503e+00
  -5.33104515e+00 -4.62876415e+00 -9.16765499e+00 -5.96474743e+00
   8.02977562e+00  1.66196747e+01  9.70110703e+00 -1.47465096e+01
  -6.14974022e+00 -5.89624882e-01 -5.68156421e-01 -2.52800798e+00
  -1.47096670e+00 -4.06914806e+00 -3.57029581e+00 -5.37391758e+00
  -4.18573618e-03  4.86443233e+00]
 [-3.60590553e+00  7.69149876e+00  1.21681767e+01  6.24196863e+00
   1.47328157e+01  2.60323024e+00  1.73700428e+00  9.22842216e+00
   1.40895157e+01  2.39823484e+00  6.39824581e+00  2.26002350e+01
   4.08210135e+00 -1.05056591e+01 -1.18371034e+00  3.32733321e+00
  -2.54584551e-01  2.97674417e+00  7.11921310e+00  1.13305826e+01
   9.04454041e+00  8.64286709e+00]
 [ 3.59146166e+00  2.42039633e+00  7.98113048e-01 -5.18927813e+00
  -6.04672050e+00  5.07029629e+00  8.10600090e+00  4.83723879e+00
   5.56353748e-01 -2.32317305e+00 -1.58603621e+00  5.01883221e+00
  -2.01738143e+00 -9.04955292e+00 -1.24035759e+01 -9.00040817e+00
  -2.74000263e+00 -5.38056135e+00  2.68450856e+00  5.03774929e+00
   5.08496284e+00  6.00065517e+00]
 [ 4.75038719e+00  8.40309238e+00  7.67502975e+00  1.75828972e+01
   2.46338425e+01  1.92136383e+01  1.33005695e+01  1.39493217e+01
   1.49811592e+01  1.99770279e+01  1.80751457e+01  1.28440666e+01
   2.17697105e+01  2.26486168e+01  1.17939444e+01  6.21613359e+00
   7.77216053e+00  5.06766415e+00  9.94021416e+00  5.73978996e+00
   2.21460342e+00  4.14370632e+00]
 [ 1.59016705e+00  1.19681311e+00  2.09863138e+00 -4.33120775e+00
  -9.74841881e+00 -1.98756714e+01 -2.47399979e+01 -2.48123589e+01
  -1.89022541e+01 -1.12213297e+01 -4.66132116e+00 -9.43884182e+00
  -8.59294891e+00 -3.12362957e+00  3.55814362e+00  6.53170013e+00
   7.63664150e+00  1.27399864e+01  6.49236250e+00 -5.83850098e+00
  -2.53302741e+00 -5.21826172e+00]
 [-4.14795113e+00 -2.67623591e+00 -4.24495506e+00  7.35263538e+00
   1.03297186e+00  3.44194150e+00  4.18267727e+00  1.40740032e+01
   1.71516056e+01  1.11179905e+01  1.16002302e+01  1.69873786e+00
  -3.84541559e+00  7.99046993e-01  3.51222992e+00  4.36620712e+00
  -4.14375019e+00 -7.71825504e+00 -7.07856464e+00  2.45414448e+00
   7.98417926e-02  3.66420555e+00]
 [ 1.57560754e+00  5.09946966e+00  7.36409998e+00  1.12905085e+00
   7.27717972e+00 -2.37828779e+00  2.41789889e+00 -2.69269300e+00
  -2.52555251e-01  5.34104872e+00  2.29663229e+00  1.86890364e+00
  -9.32736301e+00 -1.11966572e+01 -1.20209389e+01 -8.98263931e+00
  -7.47507095e+00 -2.78311205e+00 -1.71121657e+00  8.04688263e+00
   6.71584511e+00  7.57665730e+00]
 [ 3.82529902e+00  4.83082151e+00  5.02777672e+00  3.96070623e+00
   6.60348320e+00  1.01451788e+01  7.71608829e+00  2.66251564e-01
  -1.62894382e+01 -1.26680994e+01 -8.97940922e+00 -8.39791012e+00
   5.40751123e+00  1.23076239e+01  1.10770016e+01  8.46116543e+00
   1.04580679e+01  9.52283382e+00  2.75325012e+00  6.67524785e-02
   1.13699031e+00  4.68174124e+00]
 [ 1.49900007e+00  8.08376122e+00  6.59933996e+00  9.25202560e+00
   6.76908731e+00  5.15258598e+00  3.89457273e+00  7.24769878e+00
   9.38597107e+00  9.62388992e-01  2.64185405e+00  1.36822534e+00
   9.03373909e+00  3.15500450e+00  1.76619723e-01  2.34090853e+00
   2.46655464e+00  1.73530316e+00  9.58914185e+00  1.14465904e+01
   6.95906973e+00  5.41117334e+00]]
 Number of windows mfccs :40
 Number of windows mfccs_htk :20
 Length of each feature mfccs :44
 Length of each feature mfccs_htk :22