MFCCS : 
[[-3.84185913e+02 -3.93119904e+02 -4.06126984e+02 ... -3.89666321e+02
  -3.61486603e+02 -3.31820465e+02]
 [ 9.96129761e+01  1.14093338e+02  1.25665955e+02 ...  1.27521271e+02
   9.58063049e+01  6.81231384e+01]
 [ 4.83365746e+01  3.65900497e+01  2.84445724e+01 ...  2.08704033e+01
   4.49211998e+01  4.98751984e+01]
 ...
 [-3.46476460e+00 -3.01486969e+00 -2.61787581e+00 ... -8.50959003e-01
  -2.60894704e+00 -4.52800989e-02]
 [ 3.50300908e+00 -1.69855356e-02 -3.68659306e+00 ... -4.02801704e+00
  -4.37795401e+00 -2.56551147e-01]
 [-1.16396236e+00 -1.61663938e+00  1.61006421e-01 ... -6.28634310e+00
  -2.25725794e+00  3.78980160e+00]]
 MFCCS_htk : 
[[-3.71428558e+02 -4.02633331e+02 -3.57778107e+02 -2.04904709e+02
  -1.16027191e+02 -1.02570122e+02 -1.43856674e+02 -1.79779694e+02
  -2.69064148e+02 -3.29719727e+02 -2.40252045e+02 -1.52491821e+02
  -1.88702835e+02 -1.94482895e+02 -2.16449265e+02 -2.45386612e+02
  -2.53493027e+02 -2.78388458e+02 -2.98284271e+02 -3.46905151e+02
  -3.75511383e+02 -3.51234039e+02]
 [ 1.19726746e+02  1.45796249e+02  1.27329208e+02  1.00927711e+02
   1.64182755e+02  1.37607437e+02  1.28419403e+02  1.28156097e+02
   1.42817719e+02  1.48038452e+02  7.60292053e+01  7.77386322e+01
   1.35340805e+02  1.51336960e+02  1.60292389e+02  1.57774033e+02
   1.55051788e+02  1.35044891e+02  1.25741226e+02  1.37352509e+02
   1.42321793e+02  1.12347061e+02]
 [ 5.93095245e+01  2.93041039e+01  1.46908569e+01 -8.62900925e+01
  -1.08086227e+02 -1.32371613e+02 -1.04526146e+02 -8.06406860e+01
  -3.20887337e+01  2.03381610e+00 -2.60007687e+01 -4.80561066e+01
  -7.12636108e+01 -7.31489410e+01 -6.08928680e+01 -4.57517433e+01
  -4.58293533e+01 -3.85244522e+01 -2.89122505e+01 -4.52174282e+00
   1.36856537e+01  5.36867180e+01]
 [ 6.01694641e+01  7.16917572e+01  8.07173309e+01  8.79945831e+01
   3.90290794e+01  4.77277489e+01  7.23583145e+01  8.31847534e+01
   8.36304016e+01  7.53697891e+01  1.27244354e+02  1.28825012e+02
   6.81497421e+01  4.54328003e+01  4.37625084e+01  4.43795776e+01
   4.96999283e+01  5.77106552e+01  6.85583038e+01  6.49658432e+01
   7.04038773e+01  5.27645798e+01]
 [ 2.61156769e+01  4.65735817e+00 -1.11934776e+01 -2.63702621e+01
  -5.45840492e+01 -3.94425468e+01 -3.66381149e+01 -3.18882980e+01
  -1.44411716e+01 -3.55740279e-01 -3.80095901e+01 -6.97583771e+01
  -3.92266388e+01 -4.31450768e+01 -4.00251846e+01 -3.71076584e+01
  -3.24091225e+01 -3.34268990e+01 -2.79678764e+01 -1.15915375e+01
  -5.85580826e+00  1.67522316e+01]
 [ 1.07959242e+01  1.35807190e+01  3.05945587e+01  5.11874924e+01
   4.12059746e+01  6.13550301e+01  4.55846901e+01  3.49943161e+01
   1.48960342e+01  1.66728077e+01  4.63975220e+01  4.60539398e+01
   3.59883194e+01  3.57682877e+01  3.34914894e+01  3.82486649e+01
   4.16369019e+01  5.14731674e+01  4.77849731e+01  3.81056404e+01
   2.42925873e+01  1.91348286e+01]
 [ 2.46320648e+01  1.62317295e+01 -5.53112888e+00 -3.88539958e+00
  -1.33273125e+01 -1.94638634e+01 -1.20451803e+01 -1.17054462e+01
  -1.25143642e+01 -1.07077789e+01 -1.88895741e+01 -3.97548027e+01
  -1.37053471e+01  1.89532578e+00  9.06845856e+00  1.29377403e+01
   1.28947773e+01  2.32034760e+01  2.01423912e+01  2.10241241e+01
   2.31680889e+01  1.09658642e+01]
 [ 1.07448044e+01  9.09065342e+00  3.98164248e+00  1.68701248e+01
   1.09475498e+01  8.48154545e+00  3.53098774e+00  1.11441174e+01
   1.32759333e+00  2.50101495e+00  1.79152470e+01  1.33787174e+01
   1.24311056e+01  2.74217815e+01  1.97525043e+01  2.16822205e+01
   1.41583109e+01  1.62471695e+01  1.23569460e+01  5.49421883e+00
   6.32245827e+00  1.60766850e+01]
 [-2.31598878e+00  4.86140966e+00  1.58680372e+01  2.00942326e+01
   1.83408737e+01  2.25061913e+01  1.14806585e+01  7.58071232e+00
   7.95509386e+00  4.03154564e+00 -1.52866411e+01 -1.14512634e+01
   4.25218058e+00  6.83270073e+00  3.86226153e+00  5.58562565e+00
   5.17923069e+00  1.08488541e+01  7.99833488e+00  2.13082218e+00
   4.11467838e+00  6.95081711e+00]
 [ 1.14310856e+01  6.65730715e+00  3.97349977e+00  2.60919809e+00
  -3.98875380e+00  3.52171445e+00  1.49756584e+01  4.63929510e+00
   1.22643185e+00 -5.52040339e-01 -5.27083778e+00  5.54714727e+00
   9.46077824e+00 -2.01820970e+00 -2.03374457e+00 -7.93555737e+00
  -1.72103844e+01 -7.71648169e+00 -9.90516472e+00 -2.49259257e+00
   2.23372364e+00  7.49763012e+00]
 [ 1.12996645e+01  1.07712784e+01  2.11192169e+01  1.10950031e+01
  -3.40658069e+00  1.95061541e+00  8.99987793e+00  1.38497810e+01
   1.27128754e+01  1.55993385e+01  3.14553185e+01  3.32304382e+01
   3.50741882e+01  2.70334892e+01  2.85911102e+01  3.08109779e+01
   2.44749680e+01  2.53958302e+01  2.36188850e+01  2.38163643e+01
   1.52631817e+01  6.12916374e+00]
 [ 5.92685032e+00  7.49785542e-01 -2.51603723e+00 -4.86678171e+00
  -1.32453442e+00  3.41256678e-01 -8.69212723e+00 -1.09471693e+01
   8.31532669e+00  1.52154188e+01 -8.70551395e+00 -1.64439640e+01
  -3.88139653e+00 -5.20396519e+00 -3.17595065e-01 -3.96741104e+00
  -4.76773548e+00 -8.86309338e+00 -2.12522840e+00 -2.20098448e+00
  -2.05186582e+00  5.08246994e+00]
 [ 2.85812569e+00  5.86684704e+00  6.31992722e+00  1.43746967e+01
   8.28664207e+00  7.76371813e+00  1.20058842e+01  1.04738073e+01
   1.03632116e+01  1.08666992e+00  2.64791737e+01  2.79854717e+01
  -5.58754683e+00 -1.01906433e+01 -6.42262793e+00 -4.43341064e+00
  -3.72188687e-01  5.92904449e-01  4.35438108e+00  4.22129774e+00
   3.03810239e+00  8.85257912e+00]
 [ 1.41689739e+01  5.40469587e-01  2.22686720e+00 -7.44262981e+00
  -5.12016106e+00 -5.17479229e+00  2.51437092e+00 -2.29618025e+00
  -3.01919723e+00 -3.61785316e+00 -1.40922232e+01 -1.78267250e+01
  -1.20964479e+01 -1.53137035e+01 -1.04483738e+01 -6.13943148e+00
  -8.98672760e-01  2.62791657e+00  4.86756277e+00  9.61506271e+00
   1.10359077e+01  9.92622757e+00]
 [ 1.08337803e+01  1.05925417e+01  1.16788654e+01  3.02326241e+01
   3.39342499e+01  3.03452492e+01  1.89770851e+01  1.29943066e+01
   1.34084854e+01  2.06552048e+01  2.26785622e+01  2.70129013e+01
   2.31887398e+01  1.77561035e+01  1.22305021e+01  3.20159388e+00
   6.43702173e+00  1.05528097e+01  9.75089645e+00  1.94056165e+00
   8.74381256e+00  9.76573181e+00]
 [ 2.84562373e+00  2.39580154e+00  2.52012730e+00 -9.94773674e+00
  -1.55633812e+01 -3.31694756e+01 -3.29497566e+01 -2.26017952e+01
  -9.52696896e+00 -9.35257816e+00 -7.24331665e+00 -1.02388783e+01
  -9.92830086e+00  4.04925346e+00  8.01153564e+00  9.71246719e+00
   9.13228416e+00  4.05544186e+00 -4.60772932e-01 -6.56589127e+00
  -6.58155537e+00 -4.32179332e-01]
 [-3.28603292e+00 -6.51642859e-01 -5.13964510e+00 -9.94729710e+00
   1.55797005e+00  2.00385690e+00  1.24164085e+01  1.24226398e+01
   9.89966202e+00  5.66509628e+00  4.84364629e-01 -2.12869859e+00
   9.21129942e-01  8.87753773e+00  7.57840824e+00  4.11024004e-01
  -1.83614159e+00 -1.29896283e+00  7.76308417e-01  3.16599011e+00
  -3.25384021e+00 -4.30662006e-01]
 [ 1.79967093e+00  5.31153297e+00  2.33809280e+00  7.68772888e+00
   7.87408400e+00  1.29999018e+00  7.03542614e+00  6.14053488e+00
   2.34834790e+00  7.22918510e+00  1.64190693e+01  1.02962904e+01
  -4.29810572e+00 -6.92225885e+00 -7.96901751e+00 -6.83033276e+00
  -2.14799091e-01  2.35155654e+00  2.12641811e+00  3.69485784e+00
   4.65385389e+00  3.20497751e+00]
 [ 8.18124008e+00 -1.14774072e+00  1.38055861e+00 -1.90924871e+00
   7.12827349e+00 -3.07646251e+00 -4.96981382e+00 -1.09759312e+01
  -1.20719423e+01 -4.64622307e+00 -1.29922714e+01 -1.25878792e+01
   3.36564207e+00  7.62139797e+00  8.30894184e+00  8.10339737e+00
   4.17906332e+00 -9.71458793e-01  1.84221816e+00  1.80848789e+00
   5.00152683e+00  9.29412270e+00]
 [-5.21331251e-01  3.25707769e+00  8.52475166e+00  1.18325005e+01
   1.63390827e+01  1.38075848e+01  1.88288822e+01  1.88497601e+01
   1.19000711e+01  4.11466265e+00  4.56121635e+00  6.26003504e+00
   1.53249350e+01  6.17064428e+00 -6.38754249e-01 -6.22862911e+00
   5.12216330e+00  9.08802986e+00  1.09835205e+01  1.22342300e+01
   8.36214924e+00  6.15438461e+00]]
 Number of windows mfccs :40
 Number of windows mfccs_htk :20
 Length of each feature mfccs :44
 Length of each feature mfccs_htk :22