MFCCS : 
[[-3.80440887e+02 -3.88096649e+02 -3.98630493e+02 ... -3.94358337e+02
  -3.71960602e+02 -3.47155060e+02]
 [ 1.08564087e+02  1.19773872e+02  1.25464554e+02 ...  1.25266663e+02
   1.01268616e+02  8.04694138e+01]
 [ 4.41641846e+01  3.43542023e+01  2.92691193e+01 ...  2.80585442e+01
   4.53318825e+01  5.40352173e+01]
 ...
 [-3.06656694e+00 -2.26839209e+00 -7.48105466e-01 ... -4.02028656e+00
  -7.79495537e-01  3.36382926e-01]
 [-2.46765524e-01  1.91138506e-01 -2.25899839e+00 ... -4.63849163e+00
  -2.77487755e+00 -1.45423961e+00]
 [-4.33745050e+00 -2.74333453e+00 -9.90413070e-01 ... -1.49663973e+00
  -3.25604177e+00 -2.00095844e+00]]
 MFCCS_htk : 
[[-3.68365845e+02 -3.93022400e+02 -3.90592621e+02 -3.95851013e+02
  -3.91065338e+02 -3.95114288e+02 -3.85497437e+02 -3.42171051e+02
  -2.99579681e+02 -2.09457962e+02 -1.59524078e+02 -1.48442810e+02
  -2.04020477e+02 -2.77294006e+02 -3.74523834e+02 -2.51283539e+02
  -2.31199051e+02 -3.05783173e+02 -3.78952515e+02 -3.92621307e+02
  -3.90045502e+02 -3.61262024e+02]
 [ 1.27781036e+02  1.43516373e+02  1.43986847e+02  1.45364960e+02
   1.43272720e+02  1.44267914e+02  1.38909821e+02  1.13025337e+02
   1.10518616e+02  1.09970779e+02  1.11698700e+02  1.18259888e+02
   1.18100731e+02  1.02395096e+02  1.34345261e+02  7.16742859e+01
   6.34053459e+01  1.11198395e+02  1.36601562e+02  1.47022736e+02
   1.43421234e+02  1.19122185e+02]
 [ 5.41476822e+01  3.18388710e+01  2.95316200e+01  3.40249901e+01
   3.09115677e+01  3.29917221e+01  2.38502903e+01  6.64805317e+00
  -4.14934254e+00 -4.98982811e+01 -8.20623779e+01 -9.56134491e+01
  -6.72105560e+01 -1.94101753e+01  1.88293571e+01 -3.70000420e+01
  -4.60877571e+01 -1.90689201e+01  2.45225983e+01  3.03814964e+01
   3.11192322e+01  5.28497849e+01]
 [ 5.69382210e+01  7.04365234e+01  6.96698151e+01  6.87087479e+01
   7.16903152e+01  6.99648743e+01  7.81264038e+01  1.02506104e+02
   1.19131866e+02  1.41777710e+02  1.23412003e+02  1.13232895e+02
   1.11289017e+02  1.33809448e+02  8.33495178e+01  1.33008286e+02
   1.37853424e+02  1.00254044e+02  7.94166565e+01  7.24928513e+01
   7.17436752e+01  6.13416977e+01]
 [ 2.26675262e+01  3.89275265e+00  6.60559034e+00 -6.32492661e-01
   5.21032143e+00  5.21709633e+00  1.99678254e+00 -1.18666306e+01
  -1.81762848e+01 -3.14541664e+01 -4.15486488e+01 -3.72805977e+01
  -2.38767948e+01 -1.85785694e+01  1.18009663e+00 -3.29901924e+01
  -4.91996307e+01 -1.18562813e+01 -4.52064085e+00  2.68265176e+00
   2.63169909e+00  1.41832590e+01]
 [ 1.52680492e+01  1.77354069e+01  1.76106815e+01  1.63205452e+01
   1.58611450e+01  1.71729774e+01  1.41316290e+01  2.49645939e+01
   1.65316525e+01 -7.61357117e+00  9.14343452e+00  1.61637878e+01
   6.72779942e+00  4.79688597e+00  1.44417267e+01  5.07959518e+01
   4.24161720e+01  2.73530636e+01  1.77866879e+01  1.25201788e+01
   1.77708263e+01  1.72549477e+01]
 [ 1.84451923e+01  8.02225971e+00  5.57768154e+00  1.30788403e+01
   5.62552595e+00  9.98758984e+00  1.25832691e+01  5.19576454e+00
  -5.76426601e+00 -1.66873798e+01 -1.39934025e+01 -1.63608818e+01
  -1.91773872e+01 -9.83050823e+00  1.13091974e+01  3.78603250e-01
   8.10601139e+00  4.29747486e+00  1.25072460e+01  1.40164909e+01
   8.20373726e+00  1.14385376e+01]
 [ 1.14999266e+01  8.42324162e+00  9.85053539e+00  8.16630268e+00
   1.09915199e+01  9.81863785e+00  7.08559799e+00  7.90171099e+00
   1.36845493e+00  8.92930222e+00  1.23714466e+01  8.10848331e+00
   2.05635719e+01  1.66167755e+01  9.93391609e+00 -3.31260371e+00
   1.44430485e+01  8.39872360e+00  5.03151274e+00  6.51941681e+00
   1.22688246e+01  1.35523520e+01]
 [ 9.07616615e+00  1.06909361e+01  8.91216278e+00  9.61806297e+00
   8.46901703e+00  7.60732079e+00  1.29828606e+01  1.92595901e+01
   1.31774616e+00  2.65200734e+00  1.36317139e+01  2.49971066e+01
   2.17780380e+01  1.21505756e+01  1.05070562e+01  8.58416843e+00
   7.91636324e+00  9.96262169e+00  1.30480299e+01  8.56673908e+00
   1.24359112e+01  6.26026773e+00]
 [ 8.72080135e+00  6.08099604e+00  2.52689505e+00  6.11028385e+00
   2.00460315e+00  3.22131133e+00  3.83683133e+00 -8.69949877e-01
  -3.03839922e+00 -1.45200529e+01 -7.23333168e+00 -7.58726478e-01
  -8.31488419e+00 -1.43453512e+01 -3.87569070e-01  8.03722000e+00
  -2.99448729e+00  5.16589820e-01  5.91338825e+00  5.38770199e+00
  -1.41652846e+00  8.95616817e+00]
 [ 1.01317577e+01  1.17711000e+01  1.34745789e+01  1.35085964e+01
   1.59278679e+01  9.64807034e+00  7.70137310e+00  1.31277122e+01
   1.74692383e+01  2.24687195e+01  2.25467548e+01  1.77612629e+01
   1.84167519e+01  1.63026123e+01  9.89215279e+00  2.03215618e+01
   2.00448418e+01  2.04650517e+01  1.13094673e+01  1.12465496e+01
   1.09268398e+01  1.07431450e+01]
 [ 8.81714439e+00 -1.96689844e-01  1.41263545e+00 -1.27571487e+00
   9.19110954e-01  4.12166595e+00  4.75834990e+00 -5.04871786e-01
  -2.42692852e+00  7.76160097e+00  6.75638819e+00 -4.06605005e+00
  -4.03147042e-01  7.29054546e+00  8.54132462e+00 -1.30836048e+01
  -7.98617458e+00 -6.31119907e-01  1.55100262e+00  1.00851393e+00
   1.78751004e+00  6.68927717e+00]
 [ 4.79874420e+00  7.99136686e+00  7.06310320e+00  4.88812399e+00
   5.92226219e+00  1.10966473e+01  7.85189199e+00  5.57912540e+00
   1.48429356e+01  1.46853104e+01  5.74262524e+00  4.46121073e+00
   5.06277561e+00  6.80660343e+00  7.73512459e+00  1.88617706e+01
   1.71251717e+01  7.97057915e+00  7.63591385e+00  8.77662659e+00
   6.65157175e+00  2.46843386e+00]
 [ 1.03623714e+01  3.66716957e+00  5.74532795e+00  6.12391949e+00
   5.59793949e+00  3.22877693e+00  3.96627069e+00 -5.27704895e-01
  -1.77102417e-01 -2.00142503e+00 -7.55159521e+00 -3.48681593e+00
  -3.99500704e+00 -5.68596554e+00  8.05595875e-01 -2.94278812e+00
  -7.12528825e-01  3.32612133e+00  4.80113554e+00  6.82152557e+00
   2.64430046e+00  5.21890831e+00]
 [ 3.21143889e+00  7.90330362e+00  7.86129808e+00  7.64934635e+00
   6.68571472e+00  7.72288942e+00  8.82219887e+00  8.36299419e+00
   9.69234562e+00  1.51825552e+01  1.59470520e+01  1.08973560e+01
   1.21595058e+01  2.10052147e+01  1.10406113e+01  4.03350163e+00
   1.54521370e+01  1.48210602e+01  6.07053566e+00  3.34142160e+00
   5.02722073e+00  9.74995422e+00]
 [ 3.00515413e+00  1.06089056e+00 -1.49605727e+00  2.77075148e+00
  -7.28389621e-02 -2.25444460e+00 -3.21212602e+00  6.05836809e-01
   1.33569312e+00  1.30275810e+00 -5.90855598e+00 -7.18476582e+00
  -1.90898609e+00 -1.23112941e+00 -3.16967583e+00  1.45312810e+00
  -3.75865555e+00 -3.51014185e+00 -3.57112193e+00 -9.79453146e-01
  -1.95212162e+00 -1.61477327e-02]
 [-8.45509887e-01  4.16049570e-01 -3.42243910e-02 -1.86168981e+00
   1.22788739e+00  2.04573169e-01  5.03695130e-01  1.97144139e+00
   4.66568351e-01 -7.25870848e+00 -3.78579617e+00  2.92296505e+00
   6.47350550e-01 -7.25306845e+00 -2.92820275e-01  1.36252775e+01
   9.48385239e+00 -6.72031879e-01  1.09438360e+00  2.15084887e+00
  -1.50383568e+00  2.31578660e+00]
 [ 2.82947588e+00  5.21362734e+00  5.39288425e+00  6.65291190e-01
   3.50643539e+00  5.06312752e+00  7.10336590e+00  7.29922247e+00
   4.66952705e+00 -4.48181343e+00 -6.85209370e+00  2.55007744e+00
  -1.24736592e-01  7.30356991e-01  7.09628487e+00  2.05180287e+00
   9.65213418e-01  3.58220577e+00  8.33585358e+00  4.93892479e+00
   5.41419601e+00  3.50314879e+00]
 [ 5.56787491e+00  2.47835231e+00  3.87509751e+00  6.32989216e+00
   2.48520374e+00  7.43692636e-01  1.13038778e+00 -1.18269253e+00
   1.35193920e+00 -5.75795746e+00 -5.09391880e+00 -5.93433523e+00
  -3.34113693e+00 -1.01851349e+01 -1.48110962e+00 -8.30213737e+00
  -1.04010134e+01 -7.61378765e+00  2.69175100e+00  7.97351241e-01
   5.57453513e-01  5.61055565e+00]
 [-6.59546018e-01  7.65229273e+00  5.25871468e+00  9.49946594e+00
   7.52594185e+00  8.94843674e+00  8.32918262e+00  1.00036888e+01
   1.39775143e+01  5.24355459e+00  4.56599665e+00  5.31531048e+00
   7.07207966e+00  6.98057842e+00  5.19889927e+00  1.62645626e+01
   1.86119995e+01  1.05121880e+01  8.05744553e+00  8.92225552e+00
   7.48005629e+00  4.87600040e+00]]
 Number of windows mfccs :40
 Number of windows mfccs_htk :20
 Length of each feature mfccs :44
 Length of each feature mfccs_htk :22