MFCCS : 
[[-357.9597     -359.14633    -365.38138    ... -370.2189
  -345.12842    -327.361     ]
 [ 127.20355     119.86266     113.76538    ...  112.33239
    89.95694      72.42743   ]
 [  18.397333     12.9547205    13.184488   ...   15.999504
    36.811028     54.655045  ]
 ...
 [  -8.496064     -4.0584188    -1.6760018  ...   -4.545907
     0.96607614    4.00154   ]
 [ -11.896018     -6.6430984    -5.685621   ...   -3.765792
     2.944683      8.129955  ]
 [  -9.586504     -6.366294     -2.4291022  ...   -3.4428253
    -3.977827      1.0595229 ]]
 MFCCS_htk : 
[[-3.49661621e+02 -3.61381500e+02 -3.62002777e+02 -3.64343842e+02
  -3.55926361e+02 -2.51533157e+02 -2.07223419e+02 -1.68570068e+02
  -1.89865768e+02 -1.98084457e+02 -2.11888062e+02 -2.26528030e+02
  -2.77517670e+02 -2.86867920e+02 -2.19536652e+02 -2.22738251e+02
  -3.23482605e+02 -3.60022675e+02 -3.66269653e+02 -3.66317596e+02
  -3.66023865e+02 -3.33399750e+02]
 [ 1.53217606e+02  1.33707581e+02  1.33897827e+02  1.31777039e+02
   1.31308014e+02  1.08050697e+02  1.07361130e+02  1.21378311e+02
   1.16998817e+02  1.23956818e+02  1.23260498e+02  1.21842773e+02
   9.27584229e+01  1.03321114e+02  5.43652420e+01  7.23985596e+01
   1.19276947e+02  1.31010406e+02  1.32208191e+02  1.34527435e+02
   1.33071732e+02  1.10049744e+02]
 [ 2.25469589e+01  1.23659391e+01  1.14674892e+01  1.32786493e+01
   1.04187393e+01 -2.75165634e+01 -5.50865936e+01 -7.15386353e+01
  -6.54452057e+01 -6.36672745e+01 -5.92568283e+01 -5.37195587e+01
  -1.59412441e+01 -3.24084663e+01 -4.60857697e+01 -4.85855865e+01
  -8.68415642e+00  1.34402237e+01  1.56497936e+01  1.39481306e+01
   1.54905491e+01  4.42857590e+01]
 [ 8.88313599e+01  8.58336105e+01  8.75790710e+01  9.03162384e+01
   9.05701904e+01  1.47817169e+02  1.40426514e+02  1.09471176e+02
   1.10589920e+02  1.02382828e+02  1.07571274e+02  1.15386269e+02
   1.34080902e+02  1.16173820e+02  1.46797180e+02  1.35806717e+02
   9.75688934e+01  9.21779251e+01  8.88201218e+01  8.83831406e+01
   8.90863800e+01  7.46480560e+01]
 [ 5.80406570e+00 -1.83830214e+00 -1.39906716e+00  2.64644003e+00
  -1.04969943e+00 -3.74036751e+01 -3.65188446e+01 -4.02567215e+01
  -2.90599403e+01 -2.89561043e+01 -2.65568275e+01 -2.03633366e+01
  -2.52763252e+01 -1.66489620e+01 -4.74040375e+01 -3.18518658e+01
  -6.13615227e+00 -5.01645660e+00 -3.90701127e+00  3.09406471e+00
  -5.42571604e-01  1.61349678e+01]
 [ 2.16356621e+01  2.05772133e+01  1.70528336e+01  1.80314522e+01
   1.94950829e+01 -7.57552338e+00 -6.70110226e+00  4.65835238e+00
   1.32914429e+01  1.43683643e+01  1.21798325e+01  6.61503172e+00
   2.07016830e+01  2.52722969e+01  4.85858459e+01  4.03698654e+01
   2.43912678e+01  1.63359222e+01  1.73679428e+01  1.63324642e+01
   1.77462177e+01  1.89692707e+01]
 [ 9.33861732e+00  1.08994846e+01  1.11745491e+01  8.56021976e+00
   8.46374035e+00  7.10444260e+00 -8.21526814e+00 -2.46193504e+01
  -1.99150162e+01 -1.76544380e+01 -1.23124313e+01 -1.57322664e+01
  -9.68383408e+00  1.20383120e+01 -3.55031586e+00 -1.20419836e+01
   3.81926727e+00  1.02524166e+01  1.11787109e+01  8.44893742e+00
   8.88094521e+00  1.12787933e+01]
 [ 6.79872608e+00  4.80632591e+00  6.31797123e+00  6.01086521e+00
   3.17064047e+00 -3.85869503e+00  7.74626493e+00  2.16332550e+01
   2.33237190e+01  2.24647579e+01  2.06946316e+01  2.06086617e+01
   1.70476570e+01  8.79833221e+00  1.75805664e+01  2.15484467e+01
   8.86315155e+00  3.43803167e+00  3.18615246e+00  6.78317165e+00
   4.01167059e+00  8.26256752e+00]
 [ 1.18767433e+01  7.02018166e+00  9.19849014e+00  9.98855591e+00
   8.81216049e+00  5.14759350e+00  7.71138000e+00  1.86882057e+01
   1.36302967e+01  1.69656334e+01  2.07054138e+01  2.34670486e+01
   1.39813881e+01  1.46896801e+01  6.81652403e+00  1.09773579e+01
   1.32464733e+01  1.11330395e+01  9.95362568e+00  9.33427429e+00
   1.12311878e+01  6.47862577e+00]
 [ 2.94507217e+00  1.05261064e+00 -1.73636228e-01  4.63561058e+00
   3.65272927e+00 -8.49123573e+00 -7.15693855e+00 -2.94465017e+00
  -8.89843178e+00 -1.28970404e+01 -1.37416868e+01 -2.08905144e+01
  -1.72269192e+01 -5.91818094e-02 -6.11577606e+00 -5.51215076e+00
   1.76499200e+00  1.44648826e+00  1.68733668e+00  2.81794190e-01
   5.81569099e+00  9.80926991e+00]
 [ 1.76508713e+01  1.91567421e+01  1.80579739e+01  1.63077431e+01
   1.54522572e+01  8.59740639e+00  2.07366066e+01  2.14475250e+01
   1.83703728e+01  1.75069160e+01  2.08802280e+01  1.78988228e+01
   2.12146454e+01  1.66549587e+01  2.58565636e+01  1.98697395e+01
   1.49039593e+01  1.59958229e+01  1.65983410e+01  1.73882999e+01
   1.91721878e+01  1.19618492e+01]
 [ 3.23122501e+00  8.73314917e-01  3.67896247e+00 -2.06910419e+00
   1.39546919e+00  1.55530281e+01  1.56890945e+01  8.80061054e+00
   8.87131810e-01  3.47950459e+00  7.40462542e+00  1.01406288e+01
   4.45821905e+00 -2.38061142e+00 -7.81746578e+00 -1.09213238e+01
  -3.00261736e+00  3.76672626e+00  5.68888807e+00  2.74474621e+00
  -1.08141553e+00  7.02705765e+00]
 [ 3.47920752e+00  3.59624577e+00  4.85560799e+00  2.58855724e+00
   4.18123436e+00  7.31200314e+00  5.29178619e+00  4.00493908e+00
   6.09037161e+00  2.95400357e+00 -2.78748012e+00  1.77246666e+00
   5.21856213e+00  8.00192738e+00  1.06537523e+01  1.58409042e+01
   8.68926144e+00  2.04183769e+00  3.69039345e+00  3.69209385e+00
   2.50822353e+00  2.19227958e+00]
 [ 5.64923000e+00  5.44233847e+00  3.62554884e+00  3.84419179e+00
   1.84540224e+00  1.97298622e+00 -3.45257521e+00 -5.43569231e+00
  -7.08051014e+00 -7.38960361e+00 -6.75016212e+00 -8.37622070e+00
  -3.23138237e+00  1.03922415e+00 -4.27972889e+00 -2.58073568e+00
   5.58794069e+00  2.76070452e+00  1.76085877e+00  3.75955987e+00
   4.29080963e+00  4.79449749e+00]
 [ 1.09070711e+01  9.39208698e+00  5.70552635e+00  1.26857376e+01
   1.01049585e+01  1.82581825e+01  1.87035866e+01  1.40307999e+01
   1.02661667e+01  1.00465221e+01  1.01780853e+01  1.53204374e+01
   1.39603920e+01  8.13773060e+00  1.84157028e+01  1.36048965e+01
   1.04678164e+01  7.31036758e+00  1.03091850e+01  7.13084316e+00
   6.92571640e+00  1.04809093e+01]
 [-6.22086585e-01  1.12539887e+00 -6.07506633e-02  1.35659814e+00
  -2.02220464e+00 -4.47220683e-01 -7.10585165e+00 -1.32847824e+01
  -1.28392100e+00 -2.81322837e+00 -2.57163572e+00  7.46258211e+00
   1.16874027e+00 -9.17539716e-01 -7.05603027e+00 -1.07171078e+01
  -4.90589428e+00 -1.85199928e+00  1.42497373e+00 -6.71934485e-01
   3.59840584e+00  1.05380845e+00]
 [-5.50557709e+00  3.44907582e-01 -8.62315595e-02 -3.90588403e+00
  -1.62094259e+00  1.27598643e+00 -6.60697603e+00  2.41287374e+00
   5.25706387e+00  4.87841415e+00  1.95300972e+00 -6.35310364e+00
   1.80619180e-01  1.03486001e+00  9.76003170e+00  6.71784496e+00
   3.12658691e+00  2.65221500e+00  7.79984474e-01  1.48032069e-01
  -6.50110245e-01  1.52907670e+00]
 [ 2.84659004e+00  4.85488844e+00  8.00061035e+00  6.67471218e+00
   8.40400219e+00 -4.40299320e+00 -1.01670418e+01 -9.42889881e+00
  -9.53834629e+00 -6.37905025e+00 -4.19942427e+00 -1.59640849e+00
  -4.89378071e+00  3.23488212e+00  4.56673241e+00  1.10713654e+01
   1.08904705e+01  8.57775116e+00  8.39715290e+00  8.05346394e+00
   3.19019222e+00  2.48280859e+00]
 [ 6.70236492e+00  5.24521828e-01  3.86208391e+00  2.80737209e+00
   2.87211180e+00  8.21943188e+00 -3.69266629e-01 -3.46133947e-01
   2.48348141e+00  1.20844626e+00  2.58614588e+00  5.88918626e-01
   5.39624691e-03 -2.21723270e+00 -8.83373928e+00 -7.82915974e+00
  -2.70805693e+00  1.31370485e+00  1.60348177e-01  1.03061748e+00
   4.79562664e+00  3.24158764e+00]
 [ 8.99127579e+00  9.13628387e+00  6.58572865e+00  6.71012783e+00
   6.11023378e+00  4.80216026e+00  4.16242743e+00  4.46456528e+00
   6.82523918e+00  7.26313448e+00  7.32816648e+00  8.00751400e+00
   1.04195261e+01  1.09408321e+01  1.20834875e+01  6.21600819e+00
   4.36099529e+00  3.10242581e+00  4.54744339e+00  3.47234488e+00
   5.78639221e+00  4.29908609e+00]]
 Number of windows mfccs :40
 Number of windows mfccs_htk :20
 Length of each feature mfccs :44
 Length of each feature mfccs_htk :22