MFCCS : 
[[-383.51782    -391.70667    -399.69202    ... -397.13385
  -341.66995    -310.57455   ]
 [ 108.16925     119.85481     132.65056    ...  127.71178
    76.706924     50.155434  ]
 [  57.365158     43.072098     28.729782   ...   31.238136
    46.600082     46.526783  ]
 ...
 [   2.8157692     1.2360749     0.614426   ...    0.43858016
    -4.2499876    -3.6559422 ]
 [  -1.561882     -2.4120588    -4.7718596  ...   -4.066331
     1.6969991     5.19205   ]
 [  -4.0884047    -6.572528     -4.8810334  ...   -5.6229515
    -4.4936867    -1.3418388 ]]
 MFCCS_htk : 
[[-3.70540894e+02 -3.93952484e+02 -3.87768829e+02 -3.86828308e+02
  -3.53209442e+02 -3.02152679e+02 -1.87231247e+02 -1.48456711e+02
  -1.25706703e+02 -1.71824860e+02 -2.57829071e+02 -3.45127716e+02
  -2.18017715e+02 -2.58402344e+02 -3.49550995e+02 -3.91889893e+02
  -3.93297211e+02 -3.93112946e+02 -3.95515320e+02 -3.94217072e+02
  -3.95702972e+02 -3.30701447e+02]
 [ 1.26565849e+02  1.49251678e+02  1.47924622e+02  1.41155701e+02
   1.21608109e+02  1.15314590e+02  1.09849991e+02  1.15420181e+02
   1.09800560e+02  1.08351120e+02  9.43705444e+01  1.20005997e+02
   7.26805038e+01  7.70276184e+01  1.30024231e+02  1.45561096e+02
   1.49459015e+02  1.48126648e+02  1.47603729e+02  1.46838318e+02
   1.48085266e+02  9.33835297e+01]
 [ 6.56928711e+01  3.24053535e+01  3.02761154e+01  2.88856735e+01
   1.42553568e+01 -3.38450241e+00 -5.85717659e+01 -8.06329422e+01
  -1.08061279e+02 -7.85467224e+01 -2.69935303e+01  2.02815723e+00
  -5.29241066e+01 -3.70331230e+01  1.33697557e+00  2.85696392e+01
   3.19756622e+01  3.05605927e+01  3.44724274e+01  3.34186172e+01
   3.46896286e+01  5.09758873e+01]
 [ 5.44683304e+01  6.83023987e+01  6.92588043e+01  7.65648117e+01
   9.63193359e+01  1.25335739e+02  1.39986938e+02  1.29194763e+02
   1.15893433e+02  1.19140663e+02  1.34690720e+02  1.06457932e+02
   1.36819427e+02  1.39447067e+02  9.29252930e+01  7.55403442e+01
   6.97787323e+01  7.07833252e+01  7.33311157e+01  7.39687347e+01
   7.19586182e+01  6.86422119e+01]
 [ 2.12750397e+01  3.29185891e+00  9.02195036e-01  1.60347891e+00
  -1.07735786e+01 -2.02159576e+01 -3.85578766e+01 -3.77546883e+01
  -3.31900711e+01 -3.26323204e+01 -2.50568333e+01 -8.06244493e-01
  -4.04698029e+01 -2.54861183e+01  5.41528320e+00  4.19964504e+00
   1.34876370e+00  4.30403852e+00  3.64410019e+00  3.60173297e+00
   3.93994302e-01  7.95829391e+00]
 [ 6.34578991e+00  1.31760921e+01  1.77694893e+01  1.54491386e+01
   1.79107552e+01  1.49344742e+00  7.31042862e+00  1.77034988e+01
   1.84487305e+01  1.45645790e+01  7.76903152e+00  1.00901155e+01
   3.36924744e+01  2.63493652e+01  1.31029339e+01  1.16881027e+01
   1.51193390e+01  1.37606201e+01  1.05791912e+01  1.23483562e+01
   1.32009764e+01  2.31767120e+01]
 [ 2.13905602e+01  1.37779179e+01  9.98413658e+00  9.48688126e+00
   8.40365028e+00  2.00145626e+00 -1.09642344e+01 -1.98778286e+01
  -3.03962383e+01 -2.54585209e+01 -1.72775612e+01  4.23325634e+00
  -5.56018543e+00 -1.52591395e+00  1.41233063e+00  1.41379023e+01
   1.15693989e+01  1.15155354e+01  6.39485741e+00  1.26973219e+01
   1.58822746e+01  1.14257264e+00]
 [ 4.91911125e+00  1.20161324e+01  8.00174713e+00  9.59225655e+00
   9.21067238e+00  4.83007526e+00  4.65289974e+00  8.43191719e+00
   1.44421883e+01  1.80371418e+01  3.01026573e+01  1.13399801e+01
   1.51691751e+01  1.86541615e+01  1.06443481e+01  8.79282379e+00
   6.90795946e+00  9.36608505e+00  1.03234253e+01  1.05323353e+01
   1.05662556e+01  2.33575821e+01]
 [-1.82355452e+00  3.60401583e+00  8.98664474e+00  8.41707134e+00
   7.94648457e+00  2.32266450e+00  1.15064049e+01  2.68469143e+01
   2.91696663e+01  2.69865685e+01  1.95165329e+01  1.65229912e+01
   8.56294346e+00  7.87991142e+00  1.83230591e+01  8.16944695e+00
   1.23120632e+01  8.06384945e+00  1.35793037e+01  5.18815470e+00
   6.83188772e+00 -1.83671558e+00]
 [ 1.24379368e+01  4.40691662e+00  4.57442522e+00  3.88716626e+00
   3.40483999e+00 -3.56956863e+00 -1.78572826e+01 -1.31125021e+01
  -5.89517117e+00 -8.40288639e+00 -1.74061451e+01  8.58664691e-01
  -1.55250382e+00 -4.23302603e+00  2.90817976e+00  4.74736118e+00
   4.47944927e+00  3.48905897e+00  4.20848370e+00  4.89653587e+00
   4.22198296e+00  7.57114887e+00]
 [ 8.46034145e+00  1.40040703e+01  1.45570335e+01  1.46074524e+01
   1.53977671e+01  1.14786491e+01  1.08755951e+01  1.06478443e+01
   1.45169115e+01  1.38936462e+01  1.48179188e+01  1.49339275e+01
   2.31840496e+01  2.05008507e+01  9.92487335e+00  1.28853016e+01
   1.20039101e+01  1.29377565e+01  1.19490852e+01  1.53342228e+01
   1.34579849e+01  8.44744015e+00]
 [ 1.00651569e+01  1.82792449e+00 -2.78331256e+00  2.98595953e+00
  -8.34720135e-01  3.93124890e+00  1.74055138e+01  1.65324974e+01
   1.04051876e+01  4.27711868e+00  1.41831875e-01  1.55665910e+00
  -7.44518185e+00 -1.14250221e+01 -2.73813438e+00  1.38543308e+00
   5.02291024e-01  1.81702089e+00 -8.56621385e-01  6.95096970e-01
  -2.12750852e-01  8.95166755e-01]
 [ 1.49886787e+00  7.48098278e+00  5.94994020e+00  6.86797047e+00
   8.21269226e+00  9.70387363e+00  1.39051399e+01  8.04339886e+00
   2.38783121e+00  4.41716146e+00  8.17397118e+00  3.66701937e+00
   1.59097042e+01  1.74579048e+01  9.92507935e+00  5.60813046e+00
   7.24772930e+00  7.79640102e+00  3.13244605e+00  7.16581488e+00
   6.71997547e+00  1.24094353e+01]
 [ 1.27635971e-01  1.47552931e+00  7.01343346e+00  1.83545804e+00
   6.06230617e-01  1.82872027e-01 -6.57228661e+00 -1.22891579e+01
  -7.91833973e+00 -5.61945248e+00 -9.58403766e-01  2.67245245e+00
   5.74949551e+00  1.56211114e+00  8.21430779e+00  2.41947889e+00
   4.53854227e+00  4.14414310e+00  5.31019258e+00  2.78050184e+00
   4.45827150e+00 -8.89999771e+00]
 [-4.41057873e+00  7.50167370e+00  6.54055166e+00  9.82902908e+00
   1.11222973e+01  1.32334042e+01  8.68137074e+00  8.29884243e+00
   1.49869366e+01  1.40318651e+01  1.61645527e+01  7.32827616e+00
   1.72033215e+01  8.23616314e+00  8.70493126e+00  5.19269943e+00
   4.73952389e+00  6.95403671e+00  7.52577114e+00  7.72954941e+00
   8.92111397e+00  1.10442352e+01]
 [ 7.82803893e-02 -6.14554048e-01 -1.84453702e+00  2.45271754e+00
  -1.32929087e+00 -1.59135592e+00 -1.41178255e+01 -1.40221081e+01
  -1.43751917e+01 -7.31520653e+00 -2.12917423e+00 -2.90830553e-01
  -6.48980999e+00 -1.51634669e+00 -2.08560634e+00  2.46449399e+00
   3.84772444e+00  1.07692671e+00 -9.01068628e-01  2.62120819e+00
   2.81113601e+00 -1.82888389e+00]
 [ 7.88156033e-01 -8.30176711e-01 -6.74024701e-01  1.54281735e+00
   1.44739604e+00  3.42146206e+00 -3.17618489e-01 -2.10005641e+00
   9.73169231e+00  7.92148876e+00  3.66893339e+00  5.54010201e+00
   6.45715952e+00  3.74421310e+00 -1.84891927e+00 -2.87830591e+00
  -3.20342588e+00 -5.33548415e-01 -1.66496992e+00 -1.82056153e+00
  -4.34610939e+00 -1.65086198e+00]
 [ 1.96390033e+00  7.33023167e+00  7.26339245e+00  4.89122200e+00
   4.76207495e+00 -3.67701101e+00 -7.61967373e+00 -9.59790230e+00
  -4.02579021e+00 -2.43804598e+00 -1.09005833e+00  5.33748388e-01
  -6.73660088e+00  3.97699547e+00  4.99639797e+00  2.32674718e+00
   3.02677894e+00  6.20013523e+00  3.69603705e+00  5.31889343e+00
   4.61171150e+00  2.66166747e-01]
 [ 5.31765842e+00  5.90271413e-01  6.45394921e-01 -7.28317738e-01
  -4.09902763e+00  5.54293096e-01 -8.06243610e+00 -5.93882465e+00
   1.47674954e+00 -2.83270550e+00 -4.10046864e+00 -4.64486599e+00
  -8.67130089e+00 -2.37862229e+00 -2.26541877e-01  3.88932133e+00
   4.19635057e+00 -1.86997652e-02  4.03579354e-01  2.91612923e-01
   1.00650072e+00 -5.34910142e-01]
 [-2.43069148e+00  4.36365986e+00  5.20942211e+00  8.63541794e+00
   1.30230064e+01  1.63674030e+01  1.19523945e+01  8.23985100e+00
   8.18441105e+00  4.45022821e+00  1.02255096e+01  1.23593311e+01
   1.57110081e+01  7.19262457e+00  4.38447428e+00  5.68832779e+00
   6.63364267e+00  5.79161787e+00  7.24558067e+00  4.72074080e+00
   6.35093403e+00  9.35668564e+00]]
 Number of windows mfccs :40
 Number of windows mfccs_htk :20
 Length of each feature mfccs :44
 Length of each feature mfccs_htk :22