MFCCS : 
[[-4.14208160e+02 -4.08600769e+02 -4.06401459e+02 ... -4.12492950e+02
  -4.12683380e+02 -4.13270752e+02]
 [ 1.27742355e+02  1.30239700e+02  1.27244308e+02 ...  1.28201111e+02
   1.29366974e+02  1.26214638e+02]
 [ 4.30708160e+01  3.94137497e+01  3.98655663e+01 ...  4.12166595e+01
   4.15230637e+01  4.21054802e+01]
 ...
 [-1.41724122e+00 -4.61637497e+00 -3.51823139e+00 ... -2.11543608e+00
  -6.17731333e-01 -3.46316791e+00]
 [-4.69891405e+00 -3.89053178e+00 -5.11784697e+00 ... -2.33657122e+00
  -6.37986898e+00 -8.52774239e+00]
 [ 3.99558604e-01  5.62448502e-01 -1.77318823e+00 ...  3.53643060e-01
  -9.37653840e-01 -3.77878714e+00]]
 MFCCS_htk : 
[[-4.03854797e+02 -4.01238953e+02 -3.62890411e+02 -3.03655090e+02
  -2.60097260e+02 -1.67319214e+02 -1.26198425e+02 -1.23160683e+02
  -1.61619110e+02 -1.57525497e+02 -1.70181351e+02 -2.34285400e+02
  -3.50028107e+02 -1.98899460e+02 -2.10224457e+02 -2.70692993e+02
  -3.75491852e+02 -3.94967712e+02 -4.03269287e+02 -4.04779480e+02
  -3.99774200e+02 -4.04242645e+02]
 [ 1.52724533e+02  1.45341522e+02  1.22888077e+02  8.20219727e+01
   9.17287445e+01  1.05925125e+02  8.98330231e+01  1.01471718e+02
   1.14852242e+02  1.12294495e+02  1.00207909e+02  9.70055771e+01
   1.08819603e+02  7.93882370e+01  5.49048080e+01  8.63275452e+01
   1.25295700e+02  1.43931168e+02  1.44811676e+02  1.48302094e+02
   1.45520416e+02  1.51794159e+02]
 [ 4.96504898e+01  4.18917618e+01  1.60545349e+01  1.35501885e+00
  -1.35702839e+01 -7.02193298e+01 -9.82995987e+01 -9.71272888e+01
  -8.16775208e+01 -8.32477417e+01 -7.55933151e+01 -2.68693199e+01
   1.11217728e+01 -8.07651062e+01 -5.12104492e+01 -3.23516006e+01
   2.37283859e+01  3.30168762e+01  3.96371536e+01  4.11290474e+01
   3.76751175e+01  4.72774734e+01]
 [ 7.40451202e+01  6.40717316e+01  9.15918121e+01  1.23299988e+02
   1.37104218e+02  1.41194733e+02  1.38906677e+02  1.13165726e+02
   1.03589920e+02  1.04685303e+02  1.19376701e+02  1.36885345e+02
   1.07173775e+02  1.35207275e+02  1.43813065e+02  1.26896179e+02
   9.17676392e+01  7.14672241e+01  6.76911850e+01  6.39375610e+01
   6.78834534e+01  6.84587097e+01]
 [ 8.58465862e+00  9.04611468e-01 -3.43575621e+00 -3.28282089e+01
  -3.80168991e+01 -3.84289970e+01 -3.88335190e+01 -4.29153519e+01
  -3.26814117e+01 -3.37672691e+01 -3.10975037e+01 -3.47767334e+01
  -9.36567688e+00 -4.02737808e+01 -4.96469727e+01 -2.37271729e+01
  -7.89340162e+00 -2.51107836e+00  8.32345068e-01  2.20167828e+00
   1.83655441e+00  7.63903999e+00]
 [ 2.08400192e+01  2.05681419e+01  1.71469040e+01  3.76415405e+01
   1.78979683e+01 -4.22802114e+00  5.81377316e+00  1.65220871e+01
   1.55906858e+01  1.56399117e+01  1.45511684e+01  9.23770905e+00
   1.83115349e+01  2.56846275e+01  4.48130722e+01  2.22352486e+01
   1.54637623e+01  1.44908581e+01  1.86567364e+01  1.91782341e+01
   1.66036167e+01  2.01916771e+01]
 [ 1.31859093e+01  6.50521660e+00  5.80353737e+00  1.24386549e+00
  -7.41407013e+00 -1.94442177e+01 -2.82309608e+01 -3.35236969e+01
  -2.57286606e+01 -3.04894600e+01 -3.42499466e+01 -2.40823479e+01
   4.15243864e+00  1.09370670e+01 -1.50002801e+00  1.18882918e+00
   1.25596724e+01  1.59958916e+01  1.10516205e+01  6.94306469e+00
   1.03968735e+01  9.15765762e+00]
 [ 1.15508385e+01  1.13863430e+01  9.43099785e+00  6.48137903e+00
   6.19136810e+00  3.37889028e+00  1.34568214e+01  2.10063210e+01
   1.98190460e+01  2.00795040e+01  1.85077343e+01  1.73226795e+01
   1.33208609e+01  5.35322475e+00  1.74580727e+01  2.11009064e+01
   6.05467224e+00  7.03182316e+00  6.72870922e+00  8.19852352e+00
   9.69953632e+00  1.25889273e+01]
 [ 1.24518375e+01  1.18037691e+01  1.44770870e+01  9.77846146e+00
   4.75245762e+00  2.08149338e+00  8.14810276e+00  1.94458847e+01
   1.88400650e+01  2.56894302e+01  2.63099823e+01  1.24150457e+01
   1.63183136e+01  1.56322689e+01  5.08453941e+00  1.54848480e+01
   1.25004158e+01  1.07075825e+01  1.02870483e+01  1.50770931e+01
   1.15989780e+01  1.42728519e+01]
 [ 2.64405465e+00  4.23718262e+00  7.28716564e+00  1.27233210e+01
  -4.29041815e+00 -4.26673126e+00  3.82767034e+00  7.69430256e+00
   2.32990718e+00  5.92404461e+00  4.21532214e-01 -1.56690836e+01
  -4.89935780e+00  9.60642624e+00 -1.09855878e+00 -4.95330143e+00
   3.87706375e+00  2.21237421e+00  4.68773937e+00 -1.65838957e-01
   2.24862766e+00  4.60152054e+00]
 [ 1.70515499e+01  1.23122549e+01  7.66238546e+00  1.29500284e+01
   1.11642094e+01  1.30124531e+01  1.22094240e+01  1.29633694e+01
   1.09685469e+01  1.13014736e+01  1.30962181e+01  1.72868481e+01
   1.38869572e+01  2.38825150e+01  2.18363876e+01  1.55526257e+01
   1.41814823e+01  1.33708878e+01  1.66504440e+01  1.17120104e+01
   8.23318100e+00  1.31636868e+01]
 [ 8.04057312e+00  2.03556824e+00 -4.40729713e+00 -1.84497261e+01
  -4.55910778e+00  9.41822624e+00  1.38526678e+01  7.24401760e+00
  -1.46933198e+00  2.64764833e+00  7.47359085e+00  7.05154562e+00
   3.90520453e+00 -1.72966504e+00 -9.71702385e+00 -4.43115330e+00
  -1.15680587e+00  5.34011078e+00  2.20522523e-01  3.20101643e+00
   1.47840953e+00  4.35546017e+00]
 [ 6.37953520e+00  7.28561497e+00  1.30413647e+01  2.45778427e+01
   1.77201042e+01  1.60293865e+01  1.83215752e+01  1.28326340e+01
   5.99352646e+00  6.10198593e+00  6.85143900e+00  1.48789635e+01
   7.28938103e+00  1.09174061e+01  1.79024181e+01  8.56287766e+00
   7.08775520e+00  3.08482552e+00  2.30534005e+00  5.50160408e+00
   7.07385111e+00  7.09767771e+00]
 [ 5.49752140e+00  2.80911803e-01  5.25472212e+00 -9.28436816e-02
  -5.90065002e+00 -6.93425941e+00 -1.37446861e+01 -1.55629768e+01
  -1.09457226e+01 -1.42615910e+01 -1.19227886e+01 -1.27021885e+01
   1.80919063e+00 -8.56285286e+00 -6.84695864e+00  3.09332818e-01
   6.48389530e+00  3.68865824e+00  6.93522739e+00  5.59359932e+00
   3.72633553e+00  6.51828098e+00]
 [ 6.96702719e+00  8.87791634e+00  7.37791252e+00  6.32888985e+00
   1.27721825e+01  2.05840683e+01  2.34363136e+01  1.67604389e+01
   1.41054401e+01  1.39968224e+01  1.58435822e+01  1.58576088e+01
   6.43076134e+00  5.09481144e+00  9.95669746e+00  1.40037575e+01
   2.72076750e+00  7.24706936e+00  6.65386677e+00  5.11843109e+00
   8.64412308e+00  1.27696877e+01]
 [ 6.65609789e+00  1.57938778e+00 -3.83157825e+00  3.45397711e+00
  -4.42324448e+00 -6.86939812e+00 -2.14112434e+01 -2.27748299e+01
  -1.37007217e+01 -1.61499138e+01 -1.00441732e+01  1.20572138e+00
  -4.13907051e+00 -2.79548693e+00 -7.50966072e+00 -2.98163891e+00
   8.60540688e-01  5.89929461e-01  1.82500935e+00  2.18060184e+00
   7.42763996e-01  2.96615267e+00]
 [ 6.42077637e+00 -1.16850388e+00  4.32700825e+00  3.15311956e+00
  -4.20784903e+00  4.45869350e+00  6.44626760e+00  1.24527636e+01
   1.45501795e+01  1.01354485e+01  1.10375214e+01  1.83759654e+00
   5.75284958e+00  1.44605312e+01  1.25231285e+01  7.33753586e+00
   4.59717989e+00 -5.64597666e-01  6.30718946e-01  3.23609829e-01
   4.96765286e-01 -4.60819036e-01]
 [ 1.94159937e+00  6.43616009e+00  5.45486736e+00  4.58180332e+00
   5.29818916e+00 -2.74182582e+00 -5.74967194e+00 -2.36625481e+00
   1.88841200e+00 -3.39289486e-01 -3.08259535e+00 -1.29106164e+00
   2.83675718e+00  4.58450508e+00  1.66745138e+00  1.93653834e+00
   2.95481253e+00  4.63063097e+00  2.43979073e+00  4.73191214e+00
   4.62100124e+00  6.28659153e+00]
 [ 1.01113713e+00  9.88432229e-01 -5.48510504e+00 -9.57287669e-01
   8.04583168e+00  4.60761011e-01 -6.54174614e+00 -5.78246927e+00
  -4.37698174e+00 -1.05258250e+00 -2.68425465e-01 -8.73422623e+00
  -3.92670536e+00 -1.22230864e+01 -4.47871876e+00 -2.88399601e+00
   1.71010089e+00  2.50122547e+00  3.47469926e+00  1.83922255e+00
  -1.48798180e+00  3.29148483e+00]
 [ 9.96684837e+00  5.47654867e+00  1.04564276e+01  4.09989262e+00
   1.27624683e+01  1.04246216e+01  1.33802719e+01  1.00986042e+01
   7.82283258e+00  7.89796591e+00  7.25894117e+00  1.55379839e+01
   1.37083216e+01  1.03134956e+01  1.31183004e+01  9.36247253e+00
   5.96675682e+00  7.28978348e+00  8.41675186e+00  4.66752863e+00
   6.75634050e+00  6.25738382e+00]]
 Number of windows mfccs :40
 Number of windows mfccs_htk :20
 Length of each feature mfccs :44
 Length of each feature mfccs_htk :22