MFCCS : 
[[-3.9562756e+02 -3.9929987e+02 -4.0324417e+02 ... -3.9859869e+02
  -3.7723392e+02 -3.5415884e+02]
 [ 1.1842764e+02  1.3062070e+02  1.3329222e+02 ...  1.3662598e+02
   1.1410297e+02  9.4265121e+01]
 [ 4.3498707e+01  3.4357746e+01  3.3708088e+01 ...  2.6049921e+01
   4.4052067e+01  5.3191635e+01]
 ...
 [-3.2351291e+00 -4.1612606e+00 -6.5906882e-02 ... -5.0249805e+00
  -3.3688972e+00 -2.4379661e+00]
 [-1.0663703e+01 -7.7885776e+00 -3.4676595e+00 ... -6.3062229e+00
  -6.3394289e+00 -6.5123944e+00]
 [-7.4075584e+00 -2.8715694e+00 -1.1633888e+00 ...  3.0819464e-01
  -4.5441313e+00 -6.5055437e+00]]
 MFCCS_htk : 
[[-3.85074280e+02 -3.97954254e+02 -3.61078125e+02 -2.05209015e+02
  -1.21789131e+02 -1.24044197e+02 -1.50321609e+02 -2.15966171e+02
  -2.98474854e+02 -3.35011810e+02 -1.71267715e+02 -1.51637955e+02
  -1.94172882e+02 -2.09536057e+02 -2.19156769e+02 -2.28142532e+02
  -2.42107269e+02 -2.57293030e+02 -3.03637238e+02 -3.49781097e+02
  -3.87660919e+02 -3.67030762e+02]
 [ 1.37857697e+02  1.52156830e+02  1.35102173e+02  1.14904434e+02
   1.72492844e+02  1.60660934e+02  1.54231995e+02  1.50174911e+02
   1.58202362e+02  1.58635498e+02  5.14185448e+01  1.11628166e+02
   1.41983459e+02  1.56759613e+02  1.60677765e+02  1.65948456e+02
   1.55290009e+02  1.36204803e+02  1.45197052e+02  1.54037354e+02
   1.58121918e+02  1.32211487e+02]
 [ 5.34084473e+01  3.54286308e+01  1.41219654e+01 -8.81561203e+01
  -1.09135620e+02 -1.27535950e+02 -1.10175560e+02 -5.42070274e+01
  -1.75662270e+01  1.40416832e+01 -4.49180565e+01 -5.72579346e+01
  -6.81086273e+01 -5.81458893e+01 -5.45144043e+01 -5.64798584e+01
  -5.87035828e+01 -5.61813164e+01 -2.82079506e+01 -1.66929531e+00
   2.20492630e+01  5.26534653e+01]
 [ 5.87896118e+01  7.19165192e+01  7.90448914e+01  8.76492157e+01
   3.79087830e+01  4.32864151e+01  5.96152153e+01  7.50919952e+01
   7.40751801e+01  7.69325867e+01  1.36449554e+02  1.03350761e+02
   6.84802094e+01  5.21157227e+01  4.42380066e+01  4.32696991e+01
   5.64299850e+01  6.75330811e+01  5.99719429e+01  6.04518700e+01
   6.43203812e+01  5.77497864e+01]
 [ 1.44602003e+01  2.76166648e-02 -1.07451859e+01 -1.86979504e+01
  -4.18010635e+01 -1.96406937e+01 -2.01155396e+01 -2.50305824e+01
   5.18988466e+00 -1.92078874e-02 -6.61218109e+01 -5.73595734e+01
  -3.39088402e+01 -3.53797760e+01 -3.70611877e+01 -3.23623047e+01
  -1.69474068e+01 -1.82066650e+01 -1.22740135e+01 -3.16315174e+00
   3.04436684e+00  1.57894840e+01]
 [ 1.88337498e+01  1.65069885e+01  3.05435619e+01  5.02677002e+01
   4.82908974e+01  5.43875122e+01  4.19467049e+01  3.57208519e+01
   2.10551567e+01  1.91485214e+01  6.23283005e+01  4.29826508e+01
   3.60466843e+01  2.98023949e+01  3.66047592e+01  3.51485176e+01
   3.83570175e+01  4.59078445e+01  4.20278015e+01  3.51363373e+01
   2.20055351e+01  2.02722778e+01]
 [ 1.98109207e+01  7.82839394e+00  4.19970560e+00  2.57824779e+00
  -1.61033859e+01 -1.62066479e+01 -1.17351151e+01 -1.58705330e+01
  -1.90352707e+01 -1.42140856e+01 -2.08832855e+01 -3.83220520e+01
  -9.61657333e+00  2.26854920e+00  7.09602690e+00  7.13529396e+00
   6.90649891e+00  1.60055237e+01  1.77922668e+01  1.98918304e+01
   1.76622047e+01  8.01982498e+00]
 [ 1.09999323e+01  1.20745134e+01  1.12407951e+01  1.44909801e+01
   8.65685463e+00  1.06143894e+01  5.57718182e+00 -2.44785690e+00
   1.30631018e+00  8.69497716e-01  3.45449257e+01  3.08120584e+00
   1.25189629e+01  2.70549107e+01  2.61073761e+01  2.22370491e+01
   2.19279270e+01  2.31038628e+01  1.82475891e+01  4.25157976e+00
   5.89547920e+00  1.25022507e+01]
 [ 1.05903606e+01  1.14204187e+01  2.16601162e+01  2.06095848e+01
   1.67129211e+01  1.49499054e+01  1.21307745e+01  9.83630562e+00
   1.03063278e+01  2.00006795e+00 -1.15649815e+01 -5.79153061e+00
   2.61735678e-01 -6.34479141e+00 -7.09114969e-02  3.55923223e+00
  -6.86916709e-02  1.34985983e+00 -2.15827525e-01 -3.19791460e+00
   3.63174653e+00  7.70482731e+00]
 [ 1.42303047e+01  1.70489833e-01  5.00131035e+00  7.32126188e+00
  -3.77866244e+00 -3.28183031e+00  1.20346165e+01  5.85944366e+00
  -4.01198864e+00 -7.56389022e-01  5.90162945e+00  1.80126190e+01
   1.65686417e+01  1.14587879e+00 -3.76819849e+00 -1.05820618e+01
  -1.60378036e+01 -1.05161095e+01 -6.38333321e+00 -5.80566943e-01
   2.17338991e+00  7.93522549e+00]
 [ 1.18983011e+01  1.15358505e+01  9.08106422e+00  1.01602516e+01
   5.45872974e+00  1.35230932e+01  1.43452349e+01  1.51750202e+01
   7.33460617e+00  1.50195847e+01  1.15193100e+01  2.65449791e+01
   2.89783401e+01  2.32007408e+01  1.81666679e+01  2.33317089e+01
   2.02592392e+01  2.30523071e+01  2.22628746e+01  2.22894459e+01
   1.29936619e+01  7.01240253e+00]
 [ 6.62580776e+00  5.54966545e+00 -6.84891605e+00 -8.69920635e+00
  -7.92068577e+00 -8.49346542e+00 -1.75491714e+01 -8.55538750e+00
   8.55834007e+00  7.48021030e+00 -1.59711676e+01 -1.06121559e+01
  -7.89835548e+00  5.92299557e+00  7.08731937e+00  4.48395681e+00
  -4.50987530e+00 -8.03692341e+00 -3.97773123e+00  3.92636728e+00
   3.57736731e+00  9.24185276e+00]
 [-2.60008097e-01  5.84838295e+00  1.19419956e+01  8.22141933e+00
   8.03715897e+00  1.06340802e+00  7.50662613e+00  9.10114288e+00
   7.37816572e+00  8.62160873e+00  4.00108910e+01  2.46588192e+01
  -5.07470250e-01  2.47151434e-01  1.96002293e+00 -1.12773323e+00
   8.17745018e+00  9.42888546e+00  1.17344198e+01  9.87835312e+00
   7.64680767e+00  9.31388283e+00]
 [ 8.62696075e+00  1.45997369e+00  1.72548187e+00 -1.29344416e+00
  -1.50892663e+00  6.77632332e+00  1.45075874e+01  1.41530323e+01
   4.04335308e+00 -1.41870701e+00 -1.66803322e+01 -1.26771793e+01
  -1.19482021e+01 -1.61886902e+01 -1.27709103e+01 -3.73123217e+00
  -3.42027402e+00 -3.70863175e+00  2.28559065e+00  9.67331469e-01
   6.07649517e+00  5.96297836e+00]
 [ 1.07087622e+01  1.06493597e+01  6.97140980e+00  2.20720539e+01
   2.26376381e+01  2.00812702e+01  1.14804468e+01  1.10789976e+01
   1.17352886e+01  1.46565189e+01  2.07055016e+01  2.43152008e+01
   1.81317253e+01  1.64954205e+01  1.61710052e+01  1.26559000e+01
   1.00937805e+01  1.46692991e+01  1.05453949e+01  4.47240925e+00
   9.80611992e+00  1.09596653e+01]
 [-1.29796815e+00 -1.94846082e+00  1.38538778e+00 -1.53417664e+01
  -8.53912067e+00 -1.93299446e+01 -2.96168938e+01 -2.61406002e+01
  -1.25431747e+01 -3.89259505e+00 -1.91522026e+01 -1.56247902e+01
  -5.69229889e+00 -4.54943705e+00  1.48644495e+00  4.19225073e+00
   6.32486057e+00  6.97336578e+00  1.06002736e+00 -3.39444566e+00
  -3.87473011e+00 -8.47328961e-01]
 [ 9.64158535e-01  4.49061692e-02 -2.81587982e+00 -5.34118032e+00
  -2.48611748e-01  2.84369040e+00  6.79120588e+00  1.30714760e+01
   1.27340469e+01  7.15995073e+00  1.61818848e+01 -3.56094480e+00
   1.36950455e+01  1.58828611e+01  1.13267059e+01  8.20671368e+00
  -2.22773886e+00 -3.96175218e+00 -4.62555981e+00 -6.04493189e+00
  -6.46244431e+00  9.46583152e-01]
 [ 9.16022110e+00  4.97548199e+00  6.75750637e+00  8.38443756e+00
   6.55549908e+00  6.27822256e+00  7.62238884e+00  2.27105808e+00
   1.67895079e+00  8.90928078e+00  2.85235786e+00 -7.06899703e-01
  -9.60688019e+00 -7.58637905e+00 -1.00733891e+01 -5.73085690e+00
   4.10583019e-02  5.45794666e-01  3.48932076e+00  8.46329308e+00
   5.07158947e+00  4.53553677e+00]
 [ 5.12752724e+00 -4.29165483e-01  1.22560477e+00  7.36343861e+00
   1.12448578e+01  4.14424801e+00 -1.63024950e+00 -7.36989546e+00
  -1.02310238e+01 -4.56404781e+00 -9.43327141e+00 -5.71122360e+00
   1.07929778e+00  4.42096996e+00  1.33168793e+01  1.35430260e+01
   9.37118435e+00 -3.00908136e+00  5.39940500e+00  9.77907658e+00
   5.56082249e+00  6.69937611e+00]
 [ 5.59777737e+00  9.11847305e+00  7.03205681e+00  8.98156738e+00
   1.08021078e+01  4.75858927e+00  7.33542585e+00  1.26668530e+01
   2.60354829e+00 -2.39181685e+00  8.97212219e+00  6.10858154e+00
   1.37077122e+01 -3.08305264e-01 -6.57325459e+00 -7.57126188e+00
   6.23541546e+00  7.93887043e+00  7.40972233e+00  8.97623444e+00
   1.07357950e+01  5.98497915e+00]]
 Number of windows mfccs :40
 Number of windows mfccs_htk :20
 Length of each feature mfccs :44
 Length of each feature mfccs_htk :22