MFCCS : 
[[-3.73971344e+02 -3.78998444e+02 -3.76972931e+02 ... -3.62536377e+02
  -3.49610596e+02 -3.36836090e+02]
 [ 1.08464066e+02  1.18546738e+02  1.19401352e+02 ...  1.10197388e+02
   9.93742981e+01  8.58489838e+01]
 [ 2.59845886e+01  1.86570053e+01  1.66892605e+01 ...  1.13137455e+01
   2.38006039e+01  3.59607849e+01]
 ...
 [-2.20507121e+00 -2.17191911e+00 -3.85308695e+00 ... -4.24345255e+00
  -4.16921520e+00 -6.46835136e+00]
 [-6.44819260e+00 -6.12302876e+00 -5.75686312e+00 ... -7.33928108e+00
  -5.63195753e+00 -3.46448565e+00]
 [-4.49110413e+00 -3.65842199e+00 -5.60813427e+00 ...  1.82023287e-01
  -2.23381305e+00 -2.64359760e+00]]
 MFCCS_htk : 
[[-3.63082581e+02 -3.70992828e+02 -3.59170135e+02 -3.67748657e+02
  -3.63769958e+02 -3.56141449e+02 -2.80405518e+02 -2.13351883e+02
  -1.68136536e+02 -1.49474472e+02 -1.67342514e+02 -2.43183914e+02
  -3.29097961e+02 -2.56730957e+02 -2.26782959e+02 -2.60183044e+02
  -3.51591370e+02 -3.62547119e+02 -3.63329651e+02 -3.65654785e+02
  -3.60222504e+02 -3.40441895e+02]
 [ 1.30406845e+02  1.37915695e+02  1.31266785e+02  1.34257401e+02
   1.32537949e+02  1.24853180e+02  1.09935570e+02  1.02958984e+02
   1.11388847e+02  1.16676414e+02  1.23594376e+02  1.13601959e+02
   1.05092529e+02  7.64146957e+01  5.70994797e+01  8.79672699e+01
   1.25024376e+02  1.30767853e+02  1.33481720e+02  1.32612030e+02
   1.28744019e+02  1.18890732e+02]
 [ 3.35438385e+01  1.83160210e+01  1.47267036e+01  1.66244793e+01
   1.24738331e+01  1.28031836e+01 -9.08574867e+00 -4.87297211e+01
  -7.49642944e+01 -8.94390717e+01 -7.53653641e+01 -2.94381275e+01
   7.84138203e+00 -3.56502953e+01 -5.28099747e+01 -4.25268860e+01
   4.89354944e+00  1.39239912e+01  1.34876394e+01  1.35947866e+01
   1.07905407e+01  2.81769218e+01]
 [ 7.75400848e+01  8.20833588e+01  8.42526703e+01  8.42315979e+01
   8.63706360e+01  9.20180588e+01  1.28541534e+02  1.35764069e+02
   1.09988831e+02  1.00644691e+02  1.01540688e+02  1.19335281e+02
   1.07923813e+02  1.38782715e+02  1.47797729e+02  1.18978157e+02
   9.30140839e+01  9.04922180e+01  8.64586105e+01  8.94635849e+01
   9.08977051e+01  8.17591248e+01]
 [ 1.01184378e+01  8.70873332e-01 -4.06978846e+00 -1.90010953e+00
  -1.29945707e+00 -2.63579559e+00 -2.95020866e+01 -3.10395241e+01
  -3.05031090e+01 -3.08583736e+01 -3.63465919e+01 -2.05866776e+01
  -1.83277740e+01 -3.41503601e+01 -3.12949829e+01 -8.87239838e+00
  -2.09139824e+00 -2.56047654e+00 -2.98033905e+00 -4.91044998e-01
  -3.63532782e+00  4.46766806e+00]
 [ 2.00300674e+01  1.78264809e+01  2.35778637e+01  1.90064507e+01
   1.74731312e+01  1.95464401e+01  6.81570387e+00  3.31561565e+00
   1.53521023e+01  2.20013008e+01  1.36407337e+01  1.17671585e+01
   2.99210510e+01  2.93811836e+01  3.90537872e+01  3.52460709e+01
   2.16372452e+01  1.68483543e+01  1.94282074e+01  1.68623085e+01
   1.96699257e+01  1.78880119e+01]
 [ 1.60782681e+01  1.03974857e+01  8.67358971e+00  1.53768263e+01
   1.07254639e+01  4.74477339e+00  1.43851900e+00 -1.23061829e+01
  -3.00606232e+01 -3.05660934e+01 -2.66946716e+01 -2.34490395e+01
   1.39839435e+00  6.39703703e+00 -9.93723488e+00 -1.65474014e+01
   1.01171246e+01  1.14601460e+01  1.37543325e+01  1.13325500e+01
   1.36962070e+01  1.38422203e+01]
 [ 9.72720623e+00  3.90742540e+00  7.18834448e+00  8.69802856e+00
   7.39434528e+00  7.95738983e+00  2.95706964e+00  1.02579880e+01
   1.60909309e+01  1.67021332e+01  1.73933201e+01  2.07492561e+01
   1.04944038e+01  1.29344158e+01  2.03735580e+01  1.65548229e+01
   4.72862625e+00  5.71287632e+00  4.60009050e+00  3.36948824e+00
   3.51687264e+00  1.12532339e+01]
 [ 7.00006390e+00  1.04602299e+01  1.10293560e+01  8.69801903e+00
   1.38329000e+01  1.17265930e+01  6.09430122e+00  6.85085201e+00
   1.64008789e+01  2.58385124e+01  2.81972046e+01  1.26869087e+01
   1.34524822e+01  9.87544441e+00  1.63705502e+01  1.61635590e+01
   1.32890177e+01  1.02125416e+01  1.13472548e+01  1.39502163e+01
   1.25323734e+01  1.07366543e+01]
 [ 1.36721020e+01  5.53663445e+00  3.28835583e+00  2.02956200e+00
   4.01002854e-01  4.34364605e+00 -5.07139266e-01 -4.72324562e+00
  -1.24185050e+00 -2.11988020e+00 -5.52466583e+00 -1.64070053e+01
  -8.44074488e-01 -3.42998767e+00 -2.91388845e+00 -6.93214417e+00
   1.55491757e+00  1.28912985e+00  9.08139944e-01  2.10253000e+00
   4.24237156e+00  3.47992611e+00]
 [ 1.54432144e+01  1.39147835e+01  1.73227959e+01  1.50409222e+01
   1.45194359e+01  1.35227213e+01  6.61270952e+00  7.67103195e+00
   1.06884251e+01  1.01746788e+01  1.29777651e+01  1.53764048e+01
   1.97338867e+01  2.21143188e+01  1.97287827e+01  1.53276224e+01
   1.24148340e+01  1.68902531e+01  1.77655907e+01  1.56580038e+01
   1.69596519e+01  1.12204037e+01]
 [ 2.81237364e+00 -3.54385138e-01  1.30568433e+00  1.09223723e+00
   3.62961864e+00  2.31539941e+00  7.11323977e+00  1.35124893e+01
   1.37294054e+01  1.16184988e+01  1.19326515e+01  6.13379955e+00
  -1.29428315e+00  1.09938395e+00 -1.11934452e+01 -4.31578732e+00
  -4.26699311e-01  1.96321774e+00  3.13924599e+00  4.78579140e+00
   3.93465638e-01  8.18283463e+00]
 [ 1.38206959e+00  9.42153835e+00  7.52935696e+00  6.19015217e+00
   3.97621703e+00  6.38855457e+00  1.52573080e+01  2.05721550e+01
   1.22558613e+01  9.02187824e-01 -2.68492627e+00  1.29545031e+01
   6.85734749e+00  1.13259411e+01  1.34969044e+01  1.50705643e+01
   6.37397289e+00  4.92151690e+00 -6.17586136e-01  1.95096600e+00
   1.88083029e+00  3.57984948e+00]
 [ 7.37288666e+00  2.63037491e+00  5.84309042e-01  2.31905174e+00
   2.42451310e+00 -2.54148531e+00 -6.51587391e+00 -1.06970596e+01
  -1.29911585e+01 -1.14632149e+01 -1.20447416e+01 -1.03529835e+01
   6.31247401e-01 -5.93880653e+00  7.85161734e-01  3.90065813e+00
   5.16077185e+00  3.92378926e+00  3.45308685e+00  2.37240720e+00
   5.67726040e+00  1.09578457e+01]
 [ 1.03389015e+01  4.03658772e+00  5.90641880e+00  6.42713642e+00
   7.07030582e+00  1.03050060e+01  1.50180016e+01  1.49879456e+01
   1.42690439e+01  1.74561424e+01  1.75573330e+01  1.21515656e+01
   1.08137274e+01  1.44383926e+01  1.68833447e+01  1.63398132e+01
   9.99527740e+00  5.74555302e+00  9.03950882e+00  8.41054535e+00
   8.74132824e+00  1.17476940e+01]
 [ 1.31793690e+00  3.74540710e+00  7.56382942e-05  1.22106266e+00
   2.36614972e-01 -2.71422577e+00 -5.17815399e+00 -8.67282104e+00
  -1.25860252e+01 -1.35119915e+01 -1.12557211e+01  1.02534330e+00
  -6.30588818e+00 -4.93845654e+00 -9.80436707e+00 -7.04380798e+00
  -1.60039842e+00  2.60374165e+00 -2.18419701e-01 -2.46271372e-01
  -2.53620386e+00 -3.48230076e+00]
 [ 4.83215952e+00 -1.94121289e+00  1.70704365e-01 -2.56218266e+00
  -2.27414632e+00  2.81527233e+00  2.29508162e+00  6.68841028e+00
   1.07126656e+01  1.53209829e+01  6.17357159e+00  2.27812290e+00
   1.32928061e+00  3.83785415e+00  7.34106064e+00  8.69183922e+00
  -9.33529913e-01  2.80042076e+00 -2.73729563e+00 -2.29144907e+00
  -1.37537313e+00  8.16003561e-01]
 [ 6.67318344e+00  5.69818068e+00  7.61261225e+00  5.66841221e+00
   3.85837221e+00  6.08028126e+00  3.67355633e+00 -1.23471184e+01
  -1.33416576e+01 -8.70275211e+00 -7.84213066e+00 -3.08143878e+00
   7.64091921e+00  8.99567032e+00  6.52965355e+00  1.33384037e+01
   7.50804996e+00  5.26387691e+00  3.45477247e+00  6.71999168e+00
   6.96861029e+00  4.87309265e+00]
 [ 5.99239826e+00  3.12282348e+00  7.82334387e-01  5.96952152e+00
   3.87319660e+00  1.10181332e-01  1.12730253e+00 -7.05108929e+00
  -1.05689168e-02  3.11116195e+00  2.17891455e-01 -4.16062355e+00
   4.00307751e+00 -3.11886358e+00 -8.44477081e+00 -5.70807552e+00
  -2.20792699e+00 -1.07313931e+00  4.37711287e+00  3.32562637e+00
   8.82330239e-01  7.06436348e+00]
 [ 9.28742886e+00  6.18807745e+00  4.92152643e+00  6.52175665e+00
   8.48941422e+00  1.04359493e+01  8.52371597e+00  1.87376194e+01
   9.36363506e+00  6.75335026e+00  3.69966888e+00  1.12369328e+01
   1.69760513e+01  1.28328228e+01  1.44404736e+01  1.72138453e-01
   3.13612127e+00  5.72535038e+00  1.10427122e+01  7.45924187e+00
   9.58278465e+00  9.03408813e+00]]
 Number of windows mfccs :40
 Number of windows mfccs_htk :20
 Length of each feature mfccs :44
 Length of each feature mfccs_htk :22